400
0,3
0,4
0,16
0,39
0,42
0,69
0,77
0,78
0,99
0,101
0,137
0,142
0,144
0,154
0,170
0,172
0,214
0,220
0,225
0,231
0,290
0,294
0,303
0,315
0,322
0,333
0,340
0,344
0,353
0,358
0,360
0,371
0,378
0,394
1,3
1,25
1,28
1,30
1,44
1,52
1,68
1,72
1,88
1,95
1,98
1,99
1,113
1,122
1,132
1,135
1,148
1,152
1,175
1,178
1,190
1,199
1,200
1,205
1,213
1,226
1,236
1,291
1,292
1,305
1,338
1,342
1,356
1,357
1,379
1,382
1,388
1,389
1,390
1,393
2,12
2,14
2,18
2,40
2,71
2,74
2,95
2,113
2,117
2,128
2,139
2,146
2,155
2,192
2,193
2,197
2,210
2,234
2,260
2,274
2,283
2,287
2,306
2,311
2,314
2,315
2,328
2,329
2,333
2,358
2,361
2,372
2,386
2,388
3,20
3,56
3,58
3,61
3,63
3,67
3,91
3,92
3,103
3,108
3,115
3,127
3,156
3,164
3,177
3,178
3,189
3,193
3,195
3,197
3,206
3,207
3,223
3,233
3,236
3,237
3,247
3,248
3,249
3,264
3,266
3,268
3,287
3,289
3,304
3,305
3,306
3,309
3,334
3,351
3,357
3,358
3,368
3,375
4,9
4,15
4,31
4,37
4,38
4,41
4,42
4,44
4,62
4,74
4,80
4,83
4,88
4,103
4,119
4,125
4,131
4,147
4,149
4,156
4,161
4,179
4,184
4,197
4,209
4,216
4,221
4,223
4,231
4,234
4,236
4,238
4,249
4,263
4,272
4,304
4,313
4,320
4,322
4,332
4,343
4,344
4,366
4,383
4,387
4,393
5,6
5,10
5,16
5,17
5,43
5,50
5,54
5,80
5,84
5,88
5,89
5,103
5,104
5,110
5,115
5,154
5,157
5,158
5,194
5,204
5,266
5,276
5,292
5,298
5,306
5,317
5,319
5,348
5,353
5,354
5,360
5,379
5,380
5,382
5,387
5,391
6,10
6,26
6,59
6,65
6,77
6,86
6,87
6,98
6,110
6,114
6,137
6,147
6,163
6,166
6,171
6,179
6,181
6,182
6,191
6,193
6,205
6,223
6,232
6,236
6,272
6,274
6,296
6,297
6,312
6,321
6,349
6,359
6,360
6,362
6,376
6,378
6,381
6,382
6,396
6,397
7,8
7,21
7,25
7,27
7,45
7,48
7,55
7,76
7,77
7,95
7,112
7,121
7,130
7,131
7,140
7,142
7,145
7,147
7,155
7,165
7,180
7,182
7,184
7,185
7,190
7,197
7,198
7,203
7,205
7,244
7,252
7,279
7,282
7,284
7,297
7,300
7,315
7,328
7,336
7,341
7,357
7,361
7,366
7,379
7,389
8,13
8,27
8,31
8,54
8,57
8,63
8,70
8,91
8,92
8,107
8,113
8,123
8,128
8,141
8,155
8,176
8,183
8,211
8,222
8,238
8,248
8,255
8,277
8,279
8,285
8,288
8,289
8,298
8,322
8,323
8,332
8,342
8,345
8,359
8,367
8,370
8,387
8,388
9,21
9,31
9,44
9,59
9,88
9,92
9,94
9,97
9,99
9,101
9,106
9,114
9,127
9,143
9,159
9,161
9,162
9,164
9,165
9,167
9,177
9,190
9,194
9,218
9,219
9,221
9,231
9,232
9,233
9,234
9,238
9,248
9,251
9,253
9,256
9,272
9,281
9,295
9,306
9,322
9,334
9,342
9,345
9,353
9,355
9,361
9,364
9,368
9,377
9,380
9,391
10,14
10,28
10,38
10,45
10,51
10,86
10,89
10,93
10,102
10,113
10,114
10,116
10,147
10,169
10,174
10,181
10,183
10,185
10,190
10,198
10,221
10,228
10,229
10,245
10,248
10,262
10,264
10,269
10,272
10,276
10,279
10,299
10,303
10,310
10,315
10,330
10,333
10,336
10,346
10,354
10,368
10,372
10,381
10,386
10,395
10,398
11,30
11,34
11,35
11,40
11,80
11,87
11,93
11,96
11,101
11,112
11,118
11,122
11,129
11,140
11,142
11,159
11,160
11,169
11,172
11,173
11,180
11,181
11,188
11,190
11,192
11,205
11,207
11,209
11,238
11,240
11,273
11,275
11,299
11,309
11,312
11,321
11,325
11,339
11,346
11,358
11,364
11,368
11,371
11,382
11,389
11,391
11,397
12,15
12,29
12,36
12,54
12,64
12,72
12,77
12,82
12,88
12,100
12,103
12,115
12,124
12,136
12,140
12,141
12,150
12,152
12,170
12,176
12,188
12,207
12,225
12,251
12,266
12,276
12,286
12,295
12,322
12,333
12,354
12,357
12,367
12,381
12,385
12,396
13,21
13,27
13,39
13,42
13,48
13,56
13,62
13,67
13,76
13,77
13,83
13,87
13,89
13,104
13,106
13,112
13,114
13,118
13,126
13,138
13,158
13,181
13,182
13,190
13,205
13,206
13,223
13,224
13,227
13,274
13,285
13,293
13,296
13,297
13,302
13,308
13,317
13,329
13,331
13,336
13,338
13,345
13,372
13,376
13,399
14,22
14,23
14,44
14,58
14,65
14,85
14,97
14,114
14,116
14,117
14,135
14,136
14,142
14,152
14,166
14,169
14,179
14,184
14,187
14,196
14,202
14,232
14,245
14,277
14,289
14,312
14,313
14,316
14,344
14,345
14,370
14,371
14,375
14,382
14,387
15,29
15,48
15,51
15,52
15,61
15,65
15,69
15,71
15,74
15,82
15,83
15,92
15,95
15,134
15,146
15,163
15,164
15,165
15,166
15,170
15,195
15,203
15,217
15,218
15,225
15,227
15,232
15,237
15,240
15,256
15,270
15,290
15,292
15,311
15,327
15,338
15,348
15,351
15,356
15,364
15,380
16,20
16,21
16,25
16,35
16,39
16,42
16,76
16,79
16,81
16,82
16,85
16,91
16,92
16,95
16,108
16,116
16,126
16,133
16,143
16,144
16,167
16,178
16,181
16,187
16,191
16,201
16,208
16,224
16,229
16,230
16,235
16,238
16,251
16,258
16,263
16,277
16,281
16,283
16,293
16,299
16,300
16,304
16,305
16,307
16,308
16,309
16,322
16,329
16,332
16,342
16,344
16,346
16,354
16,360
16,366
16,367
16,371
16,372
16,373
16,399
17,20
17,24
17,29
17,36
17,43
17,58
17,63
17,67
17,68
17,71
17,86
17,98
17,104
17,111
17,112
17,124
17,126
17,130
17,136
17,142
17,146
17,154
17,201
17,214
17,229
17,235
17,242
17,248
17,254
17,271
17,343
17,344
17,348
17,366
17,382
17,384
17,385
17,386
17,392
17,394
18,21
18,25
18,26
18,27
18,30
18,54
18,55
18,72
18,74
18,79
18,88
18,89
18,90
18,97
18,101
18,108
18,128
18,133
18,146
18,147
18,165
18,167
18,194
18,202
18,206
18,212
18,235
18,259
18,261
18,265
18,305
18,319
18,328
18,333
18,344
18,349
18,354
18,357
18,372
18,376
18,381
18,385
18,394
19,20
19,22
19,23
19,32
19,35
19,49
19,65
19,84
19,90
19,100
19,103
19,112
19,124
19,125
19,138
19,143
19,147
19,163
19,169
19,197
19,212
19,219
19,225
19,235
19,241
19,243
19,248
19,261
19,296
19,299
19,307
19,327
19,330
19,337
19,350
19,353
19,369
19,377
20,85
20,91
20,103
20,139
20,161
20,181
20,211
20,214
20,221
20,234
20,255
20,271
20,274
20,276
20,281
20,297
20,312
20,315
20,332
20,341
20,359
20,360
20,373
20,374
20,386
20,398
20,399
21,32
21,33
21,40
21,41
21,43
21,51
21,57
21,60
21,71
21,89
21,91
21,100
21,107
21,108
21,113
21,130
21,141
21,147
21,148
21,152
21,157
21,168
21,221
21,223
21,226
21,228
21,259
21,276
21,279
21,292
21,325
21,329
21,340
21,344
21,350
22,25
22,34
22,49
22,86
22,99
22,103
22,105
22,107
22,108
22,118
22,149
22,168
22,187
22,188
22,206
22,213
22,232
22,240
22,245
22,248
22,253
22,269
22,290
22,312
22,313
22,319
22,320
22,322
22,340
22,381
23,24
23,26
23,31
23,52
23,57
23,60
23,61
23,63
23,68
23,69
23,70
23,71
23,73
23,80
23,90
23,104
23,105
23,109
23,110
23,114
23,121
23,131
23,133
23,155
23,166
23,176
23,179
23,184
23,200
23,210
23,213
23,229
23,268
23,278
23,283
23,286
23,292
23,297
23,301
23,309
23,315
23,374
23,378
23,396
24,30
24,39
24,46
24,48
24,54
24,73
24,79
24,94
24,110
24,119
24,123
24,150
24,156
24,164
24,166
24,168
24,172
24,197
24,235
24,243
24,247
24,249
24,256
24,257
24,266
24,271
24,272
24,275
24,276
24,308
24,337
24,362
24,367
24,384
24,395
24,396
25,50
25,63
25,66
25,67
25,72
25,77
25,78
25,92
25,94
25,97
25,98
25,100
25,105
25,114
25,121
25,135
25,153
25,154
25,157
25,166
25,170
25,190
25,191
25,213
25,214
25,220
25,222
25,233
25,239
25,255
25,272
25,275
25,281
25,295
25,299
25,302
25,318
25,321
25,322
25,333
25,334
25,343
25,348
25,357
25,367
25,370
25,371
25,395
25,399
26,27
26,62
26,74
26,77
26,103
26,104
26,106
26,112
26,130
26,162
26,164
26,167
26,169
26,176
26,195
26,196
26,198
26,206
26,223
26,224
26,225
26,239
26,241
26,251
26,255
26,262
26,268
26,276
26,278
26,290
26,294
26,296
26,305
26,308
26,313
26,314
26,321
26,348
26,352
26,370
26,380
26,396
27,35
27,43
27,45
27,60
27,72
27,80
27,86
27,131
27,133
27,149
27,151
27,169
27,184
27,195
27,211
27,225
27,228
27,240
27,243
27,246
27,260
27,264
27,265
27,267
27,271
27,280
27,282
27,293
27,304
27,308
27,310
27,317
27,328
27,330
27,335
27,338
27,342
27,358
27,367
27,371
27,372
27,374
28,46
28,63
28,65
28,78
28,83
28,100
28,111
28,123
28,125
28,130
28,147
28,159
28,160
28,161
28,163
28,170
28,175
28,180
28,192
28,211
28,261
28,274
28,283
28,305
28,306
28,314
28,340
28,346
28,354
28,358
28,362
28,374
28,378
28,386
28,390
28,396
29,36
29,42
29,43
29,45
29,47
29,73
29,85
29,98
29,134
29,137
29,141
29,144
29,150
29,158
29,179
29,184
29,218
29,220
29,227
29,245
29,248
29,252
29,263
29,302
29,307
29,321
29,330
29,331
29,341
29,343
29,357
29,365
29,371
29,384
29,396
30,38
30,44
30,58
30,59
30,78
30,99
30,102
30,109
30,118
30,119
30,123
30,134
30,137
30,143
30,158
30,159
30,166
30,187
30,200
30,201
30,202
30,232
30,263
30,282
30,288
30,289
30,300
30,312
30,315
30,327
30,337
30,352
30,359
30,375
30,390
30,391
30,398
31,34
31,45
31,99
31,111
31,115
31,136
31,141
31,161
31,213
31,217
31,227
31,241
31,248
31,249
31,251
31,254
31,269
31,282
31,286
31,296
31,298
31,307
31,315
31,321
31,339
31,340
31,364
31,384
31,390
32,37
32,55
32,71
32,83
32,85
32,90
32,100
32,110
32,119
32,125
32,133
32,158
32,164
32,166
32,184
32,194
32,208
32,210
32,214
32,215
32,223
32,237
32,248
32,271
32,276
32,277
32,288
32,304
32,308
32,310
32,318
32,332
32,351
32,365
32,374
32,375
32,382
32,384
32,394
32,395
33,35
33,57
33,63
33,74
33,83
33,84
33,88
33,109
33,126
33,157
33,159
33,162
33,168
33,171
33,173
33,182
33,205
33,207
33,220
33,235
33,236
33,239
33,242
33,264
33,268
33,271
33,291
33,308
33,320
33,327
33,366
33,370
33,384
33,386
34,35
34,36
34,53
34,56
34,59
34,68
34,72
34,74
34,77
34,78
34,86
34,88
34,106
34,107
34,125
34,145
34,146
34,152
34,166
34,168
34,171
34,172
34,180
34,225
34,245
34,247
34,251
34,258
34,263
34,271
34,286
34,293
34,296
34,305
34,306
34,311
34,317
34,318
34,325
34,332
34,351
34,366
34,372
34,379
34,395
34,398
35,64
35,65
35,78
35,97
35,117
35,118
35,123
35,126
35,133
35,138
35,141
35,142
35,144
35,146
35,162
35,164
35,175
35,177
35,183
35,191
35,212
35,219
35,241
35,262
35,268
35,287
35,288
35,297
35,302
35,303
35,304
35,324
35,328
35,339
35,345
35,346
35,364
35,371
35,379
35,387
35,391
35,398
36,41
36,43
36,44
36,67
36,92
36,105
36,114
36,120
36,152
36,175
36,181
36,191
36,198
36,202
36,203
36,210
36,212
36,217
36,235
36,238
36,249
36,252
36,257
36,260
36,283
36,287
36,288
36,318
36,365
36,370
37,39
37,46
37,56
37,58
37,64
37,76
37,92
37,98
37,104
37,127
37,131
37,171
37,204
37,225
37,226
37,257
37,266
37,276
37,280
37,310
37,331
37,336
37,365
38,62
38,83
38,110
38,119
38,131
38,139
38,140
38,152
38,153
38,157
38,179
38,192
38,215
38,218
38,237
38,248
38,256
38,284
38,287
38,293
38,313
38,324
38,326
38,327
38,377
38,383
38,391
38,394
39,43
39,52
39,58
39,67
39,84
39,89
39,101
39,110
39,121
39,147
39,148
39,150
39,151
39,166
39,185
39,195
39,197
39,240
39,247
39,251
39,271
39,275
39,286
39,293
39,295
39,299
39,339
39,359
39,364
39,377
39,381
40,43
40,54
40,63
40,66
40,74
40,81
40,82
40,124
40,132
40,139
40,143
40,151
40,155
40,165
40,166
40,167
40,172
40,176
40,188
40,202
40,208
40,215
40,227
40,240
40,250
40,251
40,267
40,276
40,281
40,302
40,310
40,316
40,327
40,331
40,338
40,340
40,346
40,350
40,365
40,369
40,378
40,387
40,391
41,42
41,67
41,68
41,93
41,95
41,111
41,113
41,117
41,134
41,144
41,175
41,180
41,182
41,187
41,194
41,196
41,198
41,199
41,201
41,202
41,213
41,220
41,234
41,236
41,260
41,301
41,306
41,312
41,329
41,339
41,382
42,86
42,90
42,97
42,106
42,116
42,124
42,126
42,160
42,169
42,171
42,174
42,177
42,184
42,192
42,194
42,213
42,219
42,220
42,229
42,230
42,247
42,274
42,280
42,294
42,312
42,314
42,316
42,320
42,361
42,366
42,388
42,399
43,52
43,54
43,82
43,98
43,105
43,106
43,109
43,113
43,115
43,131
43,133
43,135
43,149
43,164
43,179
43,193
43,199
43,202
43,214
43,233
43,257
43,264
43,272
43,274
43,275
43,290
43,297
43,307
43,312
43,330
43,344
43,384
43,388
43,392
43,394
43,397
44,70
44,84
44,88
44,97
44,113
44,124
44,134
44,136
44,146
44,152
44,161
44,162
44,168
44,172
44,191
44,228
44,229
44,248
44,272
44,290
44,291
44,304
44,306
44,323
44,335
44,356
44,363
44,379
44,399
45,55
45,82
45,84
45,108
45,115
45,138
45,145
45,162
45,164
45,180
45,181
45,200
45,236
45,284
45,299
45,300
45,306
45,314
45,319
45,339
45,344
45,348
45,351
45,358
45,376
45,380
45,390
46,48
46,54
46,65
46,72
46,91
46,97
46,107
46,128
46,130
46,137
46,151
46,153
46,159
46,163
46,225
46,237
46,238
46,241
46,245
46,261
46,277
46,290
46,291
46,312
46,325
46,337
46,338
46,344
46,348
46,351
46,352
46,383
47,52
47,56
47,79
47,82
47,91
47,93
47,114
47,121
47,133
47,142
47,151
47,165
47,218
47,236
47,245
47,249
47,254
47,258
47,260
47,270
47,278
47,280
47,300
47,309
47,313
47,314
47,316
47,317
47,331
47,332
47,337
47,370
47,373
47,375
47,387
48,62
48,73
48,74
48,77
48,82
48,84
48,93
48,112
48,117
48,120
48,130
48,132
48,139
48,145
48,147
48,152
48,160
48,182
48,184
48,191
48,196
48,203
48,206
48,219
48,227
48,228
48,270
48,275
48,313
48,325
48,328
48,358
48,375
48,377
48,389
49,121
49,123
49,137
49,147
49,151
49,162
49,166
49,176
49,177
49,181
49,187
49,202
49,223
49,236
49,251
49,253
49,260
49,267
49,275
49,285
49,324
49,351
49,356
49,364
49,371
49,377
50,51
50,58
50,59
50,72
50,73
50,77
50,86
50,98
50,104
50,114
50,115
50,139
50,141
50,146
50,181
50,185
50,231
50,232
50,236
50,243
50,248
50,253
50,270
50,278
50,296
50,303
50,318
50,319
50,328
50,360
50,376
50,388
51,55
51,60
51,67
51,74
51,77
51,78
51,84
51,93
51,99
51,101
51,113
51,121
51,125
51,154
51,167
51,173
51,186
51,194
51,206
51,208
51,216
51,217
51,224
51,231
51,254
51,257
51,290
51,292
51,294
51,312
51,317
51,318
51,324
51,325
51,328
51,332
51,349
51,355
51,356
51,384
51,388
52,54
52,65
52,68
52,85
52,89
52,92
52,98
52,101
52,119
52,123
52,125
52,137
52,151
52,154
52,155
52,174
52,192
52,193
52,206
52,213
52,259
52,271
52,275
52,283
52,285
52,291
52,298
52,327
52,332
52,335
52,341
52,364
52,370
52,372
52,378
52,385
52,390
52,399
53,55
53,56
53,58
53,76
53,85
53,91
53,103
53,108
53,113
53,115
53,148
53,158
53,165
53,169
53,176
53,179
53,181
53,190
53,197
53,221
53,223
53,227
53,242
53,254
53,261
53,271
53,277
53,298
53,314
53,331
53,332
53,340
53,346
53,348
53,352
53,367
53,377
53,384
53,397
54,67
54,70
54,71
54,73
54,82
54,87
54,93
54,95
54,103
54,107
54,108
54,113
54,122
54,138
54,186
54,189
54,196
54,207
54,210
54,216
54,218
54,226
54,242
54,245
54,257
54,269
54,272
54,308
54,320
54,323
54,324
54,325
54,355
54,359
54,373
54,389
54,390
55,56
55,57
55,66
55,73
55,97
55,104
55,114
55,167
55,171
55,184
55,185
55,199
55,216
55,217
55,221
55,232
55,238
55,239
55,242
55,261
55,262
55,288
55,293
55,318
55,323
55,325
55,345
55,353
55,356
55,359
55,378
55,386
56,58
56,62
56,67
56,106
56,118
56,126
56,132
56,161
56,201
56,205
56,206
56,207
56,215
56,235
56,241
56,245
56,250
56,262
56,274
56,275
56,287
56,300
56,320
56,329
56,331
56,333
56,336
56,346
56,371
56,376
57,62
57,100
57,112
57,116
57,119
57,121
57,124
57,133
57,134
57,138
57,144
57,172
57,174
57,179
57,188
57,199
57,203
57,208
57,217
57,218
57,228
57,235
57,258
57,259
57,266
57,279
57,280
57,288
57,312
57,316
57,326
57,345
57,348
57,359
57,365
57,366
58,59
58,61
58,68
58,83
58,86
58,90
58,94
58,95
58,116
58,122
58,148
58,150
58,162
58,179
58,194
58,212
58,232
58,241
58,249
58,254
58,257
58,264
58,269
58,280
58,295
58,306
58,307
58,309
58,322
58,328
58,334
58,341
58,373
58,379
58,396
58,399
59,76
59,79
59,84
59,88
59,92
59,93
59,112
59,121
59,146
59,149
59,151
59,158
59,168
59,179
59,204
59,217
59,218
59,235
59,241
59,253
59,262
59,266
59,269
59,272
59,281
59,283
59,296
59,303
59,305
59,321
59,326
59,327
59,343
59,376
59,379
59,380
59,389
59,397
59,398
60,77
60,86
60,91
60,120
60,128
60,135
60,140
60,145
60,150
60,155
60,166
60,176
60,205
60,222
60,234
60,267
60,268
60,302
60,305
60,316
60,323
60,331
60,343
60,366
60,367
60,377
60,382
60,388
60,389
60,392
60,393
60,394
61,71
61,84
61,113
61,154
61,167
61,173
61,175
61,200
61,202
61,221
61,227
61,236
61,243
61,254
61,258
61,268
61,273
61,275
61,303
61,304
61,324
61,330
61,340
61,341
61,350
61,357
61,360
61,380
61,382
61,388
61,393
61,395
62,84
62,104
62,116
62,119
62,172
62,181
62,202
62,205
62,217
62,218
62,224
62,235
62,250
62,260
62,261
62,280
62,313
62,353
62,362
62,368
62,384
62,388
63,68
63,85
63,87
63,96
63,101
63,104
63,105
63,106
63,110
63,134
63,143
63,144
63,161
63,170
63,189
63,207
63,214
63,242
63,269
63,285
63,296
63,302
63,306
63,310
63,316
63,338
63,342
63,348
63,366
63,398
63,399
64,68
64,72
64,83
64,92
64,98
64,108
64,110
64,118
64,124
64,132
64,138
64,156
64,160
64,163
64,168
64,171
64,172
64,181
64,190
64,191
64,204
64,211
64,212
64,219
64,234
64,250
64,251
64,257
64,287
64,290
64,313
64,317
64,365
64,366
64,368
64,369
64,384
64,394
65,73
65,82
65,107
65,108
65,111
65,125
65,135
65,136
65,137
65,152
65,168
65,192
65,199
65,200
65,204
65,208
65,210
65,212
65,219
65,238
65,279
65,283
65,288
65,293
65,312
65,317
65,328
65,329
65,331
65,339
65,351
65,362
65,364
65,391
66,69
66,80
66,87
66,103
66,109
66,122
66,123
66,130
66,144
66,155
66,163
66,167
66,172
66,180
66,200
66,203
66,211
66,227
66,236
66,239
66,245
66,250
66,251
66,253
66,258
66,259
66,261
66,262
66,273
66,307
66,330
66,352
66,371
66,380
67,69
67,89
67,91
67,120
67,129
67,133
67,148
67,151
67,152
67,166
67,179
67,184
67,203
67,212
67,218
67,225
67,231
67,232
67,241
67,244
67,254
67,258
67,278
67,306
67,310
67,314
67,316
67,323
67,324
67,340
67,345
67,369
67,370
67,378
67,386
67,391
67,392
68,69
68,79
68,80
68,81
68,86
68,92
68,127
68,132
68,162
68,173
68,184
68,187
68,194
68,203
68,246
68,271
68,275
68,284
68,292
68,320
68,321
68,322
68,330
68,350
68,351
68,371
68,374
68,375
68,387
69,71
69,75
69,90
69,95
69,119
69,138
69,154
69,164
69,173
69,177
69,180
69,182
69,187
69,204
69,215
69,242
69,270
69,279
69,315
69,331
69,387
70,71
70,72
70,77
70,86
70,89
70,91
70,93
70,100
70,111
70,114
70,124
70,156
70,166
70,171
70,175
70,179
70,182
70,188
70,201
70,206
70,229
70,230
70,231
70,258
70,264
70,271
70,290
70,306
70,335
70,362
70,365
70,382
70,391
70,393
70,398
71,89
71,107
71,108
71,137
71,166
71,208
71,216
71,228
71,231
71,237
71,247
71,258
71,267
71,308
71,315
71,324
71,334
71,341
71,345
71,351
71,355
71,357
71,376
71,381
71,397
72,99
72,108
72,115
72,123
72,130
72,142
72,174
72,192
72,197
72,201
72,203
72,212
72,218
72,219
72,226
72,240
72,242
72,245
72,247
72,261
72,269
72,271
72,288
72,293
72,301
72,314
72,316
72,317
72,344
72,354
72,367
72,373
72,383
73,80
73,108
73,114
73,120
73,137
73,162
73,182
73,193
73,196
73,200
73,209
73,228
73,237
73,244
73,254
73,255
73,263
73,265
73,268
73,273
73,274
73,282
73,292
73,295
73,300
73,334
73,342
73,343
73,344
73,348
73,349
73,351
73,352
73,354
73,364
73,376
73,380
73,383
73,395
74,77
74,82
74,88
74,103
74,106
74,111
74,112
74,134
74,145
74,155
74,172
74,173
74,178
74,183
74,189
74,208
74,212
74,213
74,230
74,256
74,261
74,282
74,295
74,296
74,299
74,303
74,314
74,325
74,333
74,348
74,349
74,355
74,368
75,77
75,79
75,90
75,99
75,135
75,160
75,163
75,170
75,174
75,185
75,187
75,190
75,197
75,198
75,245
75,271
75,277
75,357
75,395
76,109
76,117
76,123
76,135
76,157
76,162
76,163
76,165
76,201
76,202
76,208
76,209
76,213
76,224
76,227
76,264
76,274
76,289
76,305
76,310
76,338
76,367
77,82
77,86
77,94
77,95
77,106
77,118
77,123
77,157
77,160
77,165
77,172
77,176
77,192
77,195
77,199
77,200
77,203
77,206
77,245
77,246
77,258
77,261
77,267
77,286
77,289
77,290
77,294
77,303
77,304
77,308
77,323
77,331
77,337
77,340
77,350
77,359
77,363
77,376
77,378
77,379
77,380
77,382
77,383
77,396
78,88
78,111
78,113
78,116
78,123
78,151
78,152
78,172
78,200
78,210
78,222
78,235
78,250
78,255
78,262
78,279
78,287
78,309
78,314
78,326
78,333
78,356
78,375
78,376
78,378
78,389
79,90
79,94
79,96
79,104
79,106
79,110
79,111
79,112
79,114
79,118
79,129
79,161
79,168
79,190
79,191
79,192
79,199
79,217
79,220
79,255
79,256
79,273
79,280
79,299
79,315
79,317
79,320
79,328
79,337
79,365
79,367
79,368
79,380
79,389
79,392
79,393
80,89
80,90
80,107
80,116
80,121
80,148
80,165
80,181
80,186
80,189
80,192
80,214
80,222
80,224
80,242
80,245
80,254
80,258
80,267
80,269
80,270
80,280
80,296
80,333
80,336
80,344
80,347
80,356
80,369
80,382
80,385
80,399
81,96
81,101
81,107
81,113
81,137
81,140
81,143
81,145
81,148
81,151
81,153
81,154
81,178
81,181
81,183
81,184
81,188
81,197
81,228
81,234
81,270
81,300
81,315
81,339
81,348
81,354
81,360
81,362
81,365
81,382
81,390
81,394
82,87
82,108
82,109
82,111
82,114
82,123
82,150
82,165
82,174
82,176
82,195
82,200
82,201
82,228
82,239
82,259
82,275
82,277
82,280
82,284
82,302
82,306
82,317
82,318
82,321
82,336
82,368
82,372
82,373
82,376
82,382
83,92
83,94
83,104
83,106
83,109
83,112
83,116
83,131
83,141
83,152
83,156
83,161
83,180
83,183
83,188
83,189
83,238
83,256
83,260
83,284
83,300
83,317
83,338
83,343
83,345
83,358
83,365
83,370
83,376
83,383
83,391
84,87
84,96
84,97
84,118
84,121
84,132
84,139
84,160
84,162
84,166
84,167
84,170
84,172
84,179
84,213
84,223
84,234
84,242
84,243
84,249
84,254
84,282
84,291
84,296
84,297
84,311
84,319
84,320
84,330
84,342
84,350
84,362
84,365
84,368
84,378
84,383
84,392
85,86
85,92
85,115
85,130
85,154
85,174
85,188
85,190
85,198
85,199
85,217
85,222
85,225
85,236
85,237
85,242
85,246
85,256
85,258
85,266
85,267
85,271
85,282
85,294
85,299
85,308
85,320
85,321
85,328
85,331
85,332
85,338
85,351
85,374
85,378
85,387
85,389
86,104
86,109
86,120
86,147
86,150
86,154
86,171
86,174
86,181
86,193
86,199
86,204
86,211
86,213
86,214
86,233
86,246
86,248
86,252
86,280
86,293
86,319
86,326
86,341
86,347
86,353
86,373
86,379
86,388
86,390
87,98
87,109
87,115
87,134
87,135
87,143
87,147
87,154
87,195
87,213
87,215
87,224
87,228
87,238
87,241
87,247
87,248
87,250
87,264
87,266
87,283
87,284
87,291
87,302
87,310
87,318
87,322
87,328
87,334
87,341
87,343
87,344
87,346
87,365
87,367
87,368
87,385
88,100
88,135
88,141
88,146
88,148
88,163
88,173
88,182
88,222
88,228
88,239
88,240
88,249
88,284
88,288
88,291
88,294
88,311
88,315
88,318
88,324
88,326
88,337
88,353
88,354
88,356
88,358
88,372
88,389
88,391
88,395
89,106
89,119
89,125
89,126
89,142
89,145
89,153
89,160
89,173
89,192
89,197
89,201
89,209
89,211
89,218
89,239
89,241
89,251
89,294
89,308
89,319
89,324
89,336
89,343
89,354
89,356
89,367
89,372
89,381
89,382
89,396
90,101
90,113
90,117
90,136
90,145
90,182
90,214
90,224
90,246
90,259
90,278
90,284
90,286
90,291
90,297
90,308
90,311
90,314
90,315
90,334
90,338
90,352
90,360
90,369
90,373
90,385
90,392
91,104
91,107
91,111
91,115
91,124
91,130
91,131
91,134
91,151
91,153
91,171
91,172
91,177
91,178
91,184
91,201
91,208
91,217
91,218
91,222
91,244
91,246
91,253
91,271
91,272
91,322
91,323
91,329
91,340
91,345
91,353
91,354
91,366
91,381
91,394
92,102
92,106
92,113
92,142
92,156
92,157
92,162
92,174
92,175
92,188
92,200
92,201
92,229
92,243
92,252
92,284
92,285
92,292
92,302
92,352
92,385
92,393
92,395
93,100
93,107
93,134
93,155
93,157
93,161
93,163
93,165
93,182
93,183
93,194
93,214
93,216
93,228
93,237
93,240
93,248
93,252
93,256
93,265
93,276
93,286
93,294
93,295
93,317
93,326
93,333
93,338
93,357
93,360
93,370
93,374
93,391
93,392
94,116
94,127
94,130
94,137
94,144
94,159
94,160
94,183
94,203
94,241
94,246
94,272
94,275
94,278
94,288
94,293
94,294
94,295
94,301
94,304
94,319
94,344
94,387
95,105
95,113
95,116
95,119
95,132
95,136
95,143
95,146
95,156
95,171
95,174
95,184
95,189
95,194
95,197
95,216
95,233
95,255
95,268
95,269
95,292
95,295
95,305
95,313
95,320
95,329
95,340
95,346
95,367
95,368
95,388
96,106
96,116
96,129
96,135
96,150
96,152
96,162
96,167
96,170
96,176
96,178
96,180
96,192
96,199
96,215
96,223
96,234
96,237
96,247
96,251
96,252
96,254
96,255
96,257
96,282
96,300
96,315
96,321
96,323
96,332
96,333
96,337
96,349
96,350
96,353
96,364
96,381
97,114
97,124
97,128
97,130
97,133
97,136
97,149
97,152
97,160
97,170
97,181
97,183
97,189
97,197
97,219
97,224
97,241
97,243
97,248
97,260
97,261
97,275
97,290
97,291
97,302
97,307
97,308
97,311
97,315
97,328
97,329
97,331
97,336
97,337
97,339
97,344
97,370
97,373
97,374
97,396
97,399
98,113
98,115
98,116
98,118
98,123
98,148
98,154
98,178
98,186
98,231
98,241
98,246
98,247
98,250
98,267
98,283
98,286
98,297
98,317
98,322
98,330
98,351
98,353
98,360
98,364
98,365
99,113
99,117
99,118
99,121
99,137
99,140
99,143
99,147
99,154
99,156
99,171
99,180
99,194
99,202
99,213
99,217
99,225
99,253
99,267
99,287
99,300
99,305
99,311
99,313
99,319
99,349
99,370
99,373
99,383
99,388
99,398
100,105
100,121
100,122
100,129
100,136
100,142
100,162
100,168
100,179
100,212
100,222
100,232
100,238
100,250
100,255
100,281
100,290
100,300
100,308
100,311
100,323
100,329
100,347
100,362
100,383
100,391
100,399
101,114
101,126
101,128
101,165
101,168
101,199
101,206
101,214
101,215
101,237
101,246
101,253
101,254
101,263
101,277
101,282
101,300
101,307
101,316
101,320
101,329
101,338
101,339
101,374
101,382
102,115
102,138
102,165
102,169
102,190
102,249
102,250
102,262
102,276
102,278
102,283
102,290
102,296
102,310
102,313
102,318
102,319
102,337
102,354
102,363
102,367
102,372
102,376
103,115
103,125
103,130
103,156
103,159
103,160
103,162
103,199
103,201
103,206
103,211
103,220
103,228
103,229
103,243
103,252
103,253
103,262
103,263
103,268
103,269
103,301
103,330
103,337
103,340
103,346
103,352
103,366
103,383
103,387
103,393
103,394
103,398
103,399
104,106
104,137
104,140
104,145
104,150
104,157
104,159
104,168
104,170
104,173
104,182
104,198
104,224
104,229
104,234
104,237
104,245
104,246
104,247
104,256
104,276
104,288
104,290
104,292
104,300
104,305
104,315
104,330
104,342
104,344
104,348
104,355
104,361
104,364
104,366
104,390
105,119
105,133
105,141
105,154
105,163
105,178
105,185
105,195
105,199
105,200
105,213
105,219
105,244
105,248
105,255
105,266
105,268
105,283
105,288
105,314
105,319
105,325
105,329
105,348
105,349
105,357
105,366
105,367
105,369
105,371
105,376
105,384
105,387
106,110
106,112
106,117
106,148
106,151
106,175
106,176
106,179
106,204
106,217
106,219
106,222
106,230
106,237
106,241
106,254
106,270
106,277
106,279
106,283
106,285
106,292
106,294
106,375
106,382
106,384
106,395
107,119
107,122
107,131
107,155
107,164
107,191
107,208
107,212
107,220
107,222
107,225
107,226
107,268
107,270
107,273
107,287
107,313
107,314
107,332
107,345
107,347
107,354
107,374
107,380
107,383
107,390
107,391
108,131
108,146
108,151
108,170
108,173
108,187
108,193
108,203
108,217
108,218
108,219
108,226
108,234
108,245
108,279
108,295
108,302
108,306
108,311
108,312
108,313
108,320
108,323
108,327
108,352
108,384
108,385
108,393
109,120
109,133
109,139
109,147
109,163
109,166
109,171
109,173
109,179
109,192
109,201
109,220
109,228
109,241
109,253
109,276
109,280
109,287
109,288
109,290
109,291
109,298
109,302
109,320
109,328
109,351
109,354
109,358
109,372
109,384
110,123
110,124
110,133
110,158
110,168
110,195
110,206
110,214
110,224
110,258
110,270
110,275
110,278
110,293
110,317
110,318
110,319
110,336
110,348
110,350
110,354
110,356
110,358
110,363
110,366
110,368
110,381
110,386
110,387
111,126
111,129
111,131
111,136
111,140
111,141
111,146
111,147
111,154
111,162
111,170
111,203
111,212
111,217
111,232
111,257
111,275
111,294
111,296
111,320
111,324
111,326
111,329
111,336
111,340
111,341
111,371
111,383
112,114
112,120
112,141
112,146
112,173
112,176
112,184
112,185
112,205
112,214
112,216
112,225
112,249
112,251
112,266
112,270
112,276
112,284
112,286
112,290
112,291
112,306
112,315
112,321
112,333
112,342
112,354
112,358
112,361
112,379
113,136
113,139
113,149
113,156
113,166
113,175
113,177
113,180
113,183
113,198
113,205
113,210
113,225
113,258
113,281
113,283
113,284
113,289
113,291
113,296
113,304
113,306
113,322
113,327
113,329
113,334
113,335
113,340
113,362
113,382
113,389
113,392
114,148
114,151
114,157
114,160
114,189
114,204
114,286
114,294
114,295
114,311
114,312
114,316
114,326
114,334
114,335
114,358
114,380
115,116
115,138
115,149
115,164
115,175
115,184
115,187
115,203
115,243
115,246
115,252
115,268
115,275
115,289
115,296
115,309
115,316
115,317
115,326
115,327
115,330
115,369
115,371
115,374
115,382
115,389
115,396
116,148
116,164
116,165
116,180
116,187
116,194
116,201
116,240
116,256
116,288
116,300
116,303
116,311
116,315
116,317
116,332
116,334
116,376
116,391
116,395
116,396
117,124
117,125
117,143
117,157
117,158
117,161
117,162
117,170
117,183
117,206
117,212
117,216
117,217
117,236
117,237
117,244
117,250
117,256
117,292
117,297
117,303
117,311
117,328
117,340
117,355
117,377
117,392
117,395
117,398
118,147
118,157
118,171
118,180
118,200
118,217
118,228
118,238
118,242
118,246
118,261
118,281
118,294
118,301
118,315
118,330
118,334
118,340
118,344
118,352
118,356
118,365
118,366
118,367
118,370
118,386
118,396
119,121
119,132
119,140
119,148
119,153
119,168
119,185
119,193
119,200
119,215
119,243
119,247
119,253
119,268
119,270
119,272
119,281
119,288
119,297
119,332
119,333
119,338
119,346
119,348
119,361
119,368
119,381
119,384
119,386
119,394
120,134
120,153
120,154
120,161
120,172
120,186
120,195
120,204
120,209
120,211
120,229
120,239
120,240
120,246
120,252
120,253
120,262
120,312
120,314
120,323
120,324
120,361
120,371
120,372
120,380
120,382
120,390
120,395
121,122
121,127
121,132
121,142
121,155
121,157
121,165
121,172
121,175
121,187
121,189
121,214
121,221
121,235
121,236
121,249
121,256
121,257
121,264
121,274
121,281
121,297
121,307
121,311
121,322
121,325
121,351
121,359
121,366
121,373
121,381
121,386
121,393
122,136
122,145
122,147
122,161
122,167
122,178
122,187
122,193
122,201
122,205
122,206
122,208
122,213
122,234
122,238
122,248
122,251
122,255
122,256
122,257
122,302
122,307
122,311
122,315
122,335
122,336
122,338
122,355
122,371
122,383
122,384
122,387
122,395
122,397
123,125
123,129
123,135
123,147
123,155
123,159
123,172
123,177
123,189
123,194
123,208
123,218
123,222
123,230
123,237
123,246
123,256
123,259
123,262
123,266
123,269
123,285
123,288
123,299
123,303
123,305
123,307
123,312
123,318
123,336
123,343
123,352
123,365
123,377
123,381
123,382
124,126
124,131
124,142
124,151
124,161
124,167
124,169
124,191
124,192
124,196
124,206
124,223
124,244
124,252
124,258
124,268
124,279
124,281
124,284
124,287
124,294
124,298
124,299
124,305
124,359
124,375
124,384
124,385
125,133
125,137
125,139
125,140
125,143
125,145
125,146
125,154
125,171
125,178
125,183
125,184
125,186
125,200
125,206
125,209
125,210
125,212
125,227
125,230
125,251
125,256
125,261
125,263
125,267
125,269
125,288
125,294
125,304
125,325
125,335
125,351
125,369
125,395
125,396
126,131
126,145
126,152
126,161
126,162
126,165
126,166
126,171
126,182
126,189
126,192
126,206
126,214
126,217
126,222
126,233
126,240
126,257
126,259
126,264
126,266
126,268
126,311
126,333
126,336
126,386
127,142
127,146
127,150
127,161
127,170
127,191
127,198
127,210
127,211
127,219
127,223
127,224
127,229
127,233
127,239
127,242
127,248
127,288
127,290
127,293
127,294
127,295
127,298
127,310
127,319
127,336
127,340
127,347
127,357
127,365
127,366
127,374
127,382
127,390
128,143
128,145
128,157
128,165
128,169
128,180
128,182
128,184
128,185
128,215
128,216
128,220
128,237
128,243
128,244
128,251
128,258
128,279
128,282
128,283
128,293
128,296
128,301
128,316
128,331
128,332
128,342
128,360
128,366
128,370
128,372
128,379
128,383
128,385
128,393
129,153
129,171
129,172
129,190
129,192
129,199
129,210
129,212
129,218
129,234
129,246
129,259
129,264
129,280
129,313
129,321
129,324
129,336
129,337
129,344
129,345
129,347
129,350
129,365
129,370
129,371
129,378
129,382
129,399
130,133
130,135
130,138
130,150
130,164
130,177
130,182
130,185
130,192
130,193
130,200
130,221
130,231
130,238
130,250
130,255
130,277
130,289
130,308
130,310
130,359
130,372
130,375
130,380
130,383
130,385
130,391
130,399
131,140
131,143
131,146
131,153
131,161
131,163
131,166
131,170
131,178
131,193
131,198
131,199
131,203
131,204
131,218
131,238
131,247
131,248
131,270
131,282
131,291
131,304
131,314
131,315
131,318
131,332
131,349
131,355
131,367
131,391
131,398
132,140
132,144
132,147
132,162
132,179
132,211
132,213
132,221
132,238
132,241
132,252
132,261
132,271
132,281
132,288
132,298
132,310
132,335
132,336
132,337
132,343
132,352
132,366
132,369
132,380
132,394
133,136
133,150
133,156
133,157
133,158
133,168
133,169
133,179
133,188
133,214
133,217
133,228
133,234
133,244
133,258
133,260
133,265
133,286
133,287
133,290
133,292
133,298
133,303
133,316
133,332
133,347
133,362
133,396
134,140
134,181
134,188
134,190
134,198
134,209
134,221
134,256
134,291
134,308
134,314
134,320
134,329
134,332
134,357
134,361
134,377
134,380
134,387
135,163
135,173
135,182
135,199
135,203
135,209
135,211
135,213
135,220
135,256
135,258
135,265
135,268
135,270
135,279
135,280
135,289
135,295
135,296
135,320
135,323
135,329
135,330
135,345
135,348
135,354
135,357
135,373
135,378
135,379
135,381
135,386
136,142
136,143
136,161
136,177
136,179
136,180
136,197
136,228
136,237
136,240
136,242
136,243
136,244
136,245
136,253
136,258
136,264
136,285
136,297
136,309
136,317
136,319
136,326
136,327
136,335
136,336
136,345
136,352
136,366
136,388
136,391
136,398
137,139
137,148
137,150
137,167
137,191
137,195
137,199
137,216
137,218
137,234
137,235
137,248
137,253
137,262
137,264
137,274
137,306
137,318
137,319
137,321
137,331
137,349
137,361
137,369
137,376
138,143
138,145
138,174
138,176
138,181
138,204
138,208
138,219
138,222
138,248
138,255
138,261
138,266
138,272
138,304
138,308
138,318
138,332
138,358
139,159
139,160
139,167
139,180
139,188
139,198
139,203
139,208
139,214
139,218
139,229
139,241
139,243
139,252
139,306
139,307
139,310
139,318
139,331
139,337
139,343
139,361
139,387
139,388
139,395
140,144
140,151
140,181
140,195
140,200
140,202
140,203
140,212
140,219
140,226
140,246
140,252
140,265
140,269
140,270
140,275
140,278
140,305
140,319
140,331
140,333
140,342
140,349
140,355
140,379
140,392
141,152
141,160
141,161
141,173
141,179
141,190
141,194
141,206
141,207
141,213
141,222
141,226
141,254
141,256
141,282
141,283
141,289
141,291
141,304
141,308
141,311
141,331
141,338
141,343
141,345
141,362
141,364
141,376
141,377
141,382
141,386
141,388
141,391
141,399
142,143
142,156
142,178
142,265
142,271
142,278
142,285
142,297
142,302
142,314
142,322
142,328
142,344
142,384
142,386
143,157
143,176
143,177
143,181
143,198
143,199
143,200
143,205
143,233
143,236
143,253
143,267
143,285
143,290
143,302
143,318
143,328
143,337
143,348
143,358
143,361
143,365
143,368
143,372
143,378
143,394
143,395
143,397
144,161
144,173
144,193
144,205
144,210
144,222
144,224
144,225
144,253
144,258
144,265
144,274
144,276
144,281
144,303
144,307
144,312
144,321
144,351
144,353
144,375
144,376
144,381
144,382
144,387
144,396
145,152
145,162
145,165
145,170
145,180
145,192
145,194
145,223
145,237
145,256
145,272
145,280
145,288
145,289
145,302
145,307
145,335
145,356
145,368
145,369
145,393
145,399
146,155
146,169
146,175
146,179
146,181
146,188
146,236
146,237
146,239
146,271
146,294
146,295
146,298
146,319
146,343
146,346
146,354
146,398
147,150
147,198
147,206
147,222
147,223
147,236
147,237
147,245
147,263
147,266
147,268
147,271
147,280
147,287
147,294
147,305
147,306
147,312
147,315
147,322
147,326
147,327
147,333
147,342
147,344
147,368
147,396
148,149
148,151
148,156
148,166
148,177
148,188
148,194
148,226
148,244
148,250
148,251
148,253
148,285
148,286
148,310
148,340
148,352
148,359
148,361
148,362
148,374
148,377
149,150
149,159
149,160
149,161
149,163
149,165
149,167
149,176
149,182
149,190
149,193
149,198
149,206
149,208
149,214
149,233
149,234
149,245
149,266
149,277
149,315
149,317
149,319
149,332
149,339
149,348
150,166
150,167
150,177
150,193
150,208
150,221
150,253
150,259
150,286
150,294
150,301
150,325
150,341
150,352
150,354
150,375
150,398
151,202
151,207
151,229
151,239
151,260
151,268
151,275
151,283
151,289
151,291
151,295
151,305
151,311
151,319
151,323
151,329
151,363
151,369
151,396
152,157
152,185
152,208
152,225
152,267
152,283
152,313
152,331
152,347
152,353
152,354
152,361
152,376
153,163
153,167
153,175
153,176
153,204
153,213
153,231
153,237
153,262
153,266
153,271
153,279
153,285
153,286
153,293
153,318
153,321
153,323
153,325
153,326
153,328
153,342
153,361
153,368
153,371
153,375
153,379
153,383
153,394
154,166
154,179
154,186
154,189
154,193
154,194
154,203
154,207
154,209
154,215
154,217
154,222
154,223
154,236
154,246
154,255
154,256
154,285
154,291
154,295
154,299
154,319
154,348
154,354
154,362
154,363
154,364
154,390
155,167
155,189
155,222
155,226
155,227
155,240
155,249
155,253
155,267
155,273
155,274
155,281
155,285
155,289
155,290
155,318
155,384
155,397
156,162
156,173
156,186
156,196
156,225
156,234
156,252
156,260
156,269
156,278
156,281
156,292
156,294
156,319
156,346
156,347
156,361
156,366
156,373
156,381
156,391
156,395
156,397
156,399
157,161
157,168
157,171
157,172
157,194
157,205
157,225
157,240
157,242
157,250
157,252
157,255
157,265
157,267
157,269
157,272
157,282
157,297
157,304
157,307
157,311
157,343
157,360
157,370
157,371
157,392
157,393
157,397
158,159
158,182
158,190
158,198
158,242
158,244
158,248
158,250
158,277
158,284
158,286
158,299
158,306
158,318
158,322
158,352
158,355
158,361
158,364
158,365
158,367
158,384
158,393
159,179
159,181
159,185
159,191
159,192
159,202
159,207
159,226
159,227
159,228
159,234
159,240
159,243
159,262
159,266
159,299
159,303
159,330
159,332
159,352
159,361
159,377
159,381
159,389
159,398
160,162
160,184
160,192
160,229
160,234
160,243
160,247
160,261
160,271
160,277
160,280
160,294
160,295
160,297
160,307
160,314
160,324
160,331
160,335
160,366
160,375
160,395
161,175
161,186
161,194
161,198
161,217
161,223
161,226
161,231
161,232
161,235
161,245
161,257
161,277
161,290
161,291
161,322
161,334
161,349
161,354
161,362
161,363
161,382
161,383
161,389
162,175
162,178
162,185
162,204
162,219
162,224
162,230
162,236
162,303
162,308
162,312
162,316
162,325
162,352
162,360
162,367
162,375
162,386
163,168
163,169
163,186
163,195
163,198
163,204
163,206
163,233
163,234
163,237
163,263
163,266
163,274
163,281
163,282
163,283
163,291
163,316
163,325
163,328
163,333
163,345
163,357
163,363
163,379
163,387
163,389
163,394
164,177
164,179
164,187
164,193
164,194
164,213
164,223
164,252
164,256
164,263
164,300
164,327
164,338
164,343
164,354
164,357
164,365
164,368
164,384
164,385
165,167
165,177
165,199
165,209
165,213
165,216
165,250
165,264
165,275
165,282
165,292
165,296
165,301
165,313
165,316
165,321
165,329
165,331
165,333
165,336
165,340
165,349
165,351
165,363
165,368
165,388
165,395
166,180
166,187
166,197
166,207
166,235
166,237
166,240
166,254
166,257
166,267
166,273
166,276
166,277
166,283
166,286
166,310
166,313
166,317
166,318
166,324
166,333
166,336
166,365
166,377
166,386
166,387
166,392
166,397
167,181
167,184
167,194
167,206
167,216
167,217
167,236
167,253
167,269
167,289
167,293
167,298
167,302
167,315
167,335
167,340
167,349
167,356
167,376
167,384
168,179
168,214
168,231
168,235
168,238
168,266
168,278
168,284
168,297
168,298
168,302
168,304
168,305
168,307
168,309
168,311
168,324
168,326
168,328
168,332
168,334
168,348
168,350
168,368
168,385
168,395
169,209
169,212
169,226
169,228
169,246
169,248
169,253
169,270
169,274
169,292
169,330
169,333
169,356
169,363
169,375
169,376
169,377
169,380
170,173
170,177
170,178
170,184
170,200
170,207
170,215
170,216
170,226
170,230
170,238
170,241
170,243
170,248
170,256
170,260
170,271
170,294
170,295
170,302
170,303
170,308
170,309
170,315
170,325
170,327
170,387
170,389
171,181
171,185
171,192
171,194
171,204
171,207
171,224
171,226
171,231
171,251
171,264
171,277
171,280
171,288
171,289
171,292
171,302
171,312
171,317
171,327
171,342
171,358
171,366
171,375
171,384
171,385
171,394
171,395
171,398
172,190
172,207
172,214
172,229
172,235
172,239
172,267
172,268
172,279
172,283
172,296
172,298
172,320
172,326
172,331
172,333
172,372
172,374
172,375
172,378
172,382
172,392
172,397
173,190
173,192
173,215
173,226
173,230
173,239
173,241
173,248
173,262
173,263
173,278
173,285
173,288
173,332
173,342
173,353
173,356
173,358
173,359
173,362
173,363
173,379
174,177
174,183
174,184
174,196
174,198
174,208
174,219
174,221
174,230
174,235
174,263
174,265
174,272
174,306
174,312
174,313
174,336
174,340
174,344
174,374
174,377
174,391
174,397
175,197
175,211
175,228
175,237
175,252
175,255
175,273
175,281
175,288
175,293
175,304
175,321
175,337
175,338
175,346
175,362
175,364
176,195
176,196
176,210
176,215
176,220
176,225
176,233
176,234
176,240
176,250
176,255
176,262
176,280
176,281
176,298
176,304
176,306
176,344
176,358
176,370
176,374
176,377
176,390
176,392
177,180
177,183
177,189
177,190
177,193
177,202
177,211
177,230
177,245
177,251
177,253
177,260
177,279
177,286
177,295
177,329
177,336
177,347
177,352
177,368
177,370
177,371
177,375
177,378
177,379
177,386
177,394
177,398
178,196
178,198
178,220
178,229
178,230
178,231
178,237
178,254
178,275
178,276
178,311
178,319
178,325
178,326
178,331
178,332
178,351
178,363
178,366
179,186
179,196
179,201
179,205
179,217
179,258
179,267
179,270
179,273
179,274
179,294
179,315
179,321
179,338
179,342
179,348
179,353
179,361
179,365
179,370
179,375
179,377
180,209
180,218
180,227
180,231
180,233
180,235
180,239
180,243
180,246
180,251
180,263
180,274
180,284
180,288
180,301
180,324
180,331
180,332
180,338
180,353
180,370
180,374
181,187
181,200
181,205
181,221
181,241
181,243
181,258
181,259
181,265
181,283
181,290
181,296
181,322
181,330
181,334
181,336
181,341
181,350
181,366
181,386
182,186
182,188
182,208
182,225
182,231
182,260
182,270
182,272
182,280
182,295
182,301
182,317
182,364
182,373
182,380
182,388
183,184
183,198
183,199
183,202
183,209
183,219
183,230
183,254
183,262
183,272
183,275
183,279
183,299
183,300
183,328
183,342
183,346
183,351
183,371
183,376
183,394
184,213
184,227
184,242
184,249
184,251
184,255
184,261
184,288
184,292
184,302
184,318
184,342
184,343
184,370
184,390
184,395
185,190
185,196
185,201
185,208
185,230
185,236
185,245
185,248
185,259
185,260
185,271
185,285
185,286
185,289
185,290
185,292
185,293
185,295
185,300
185,305
185,333
185,336
185,344
185,346
185,350
185,352
185,353
185,367
185,375
185,381
185,399
186,188
186,189
186,200
186,220
186,226
186,241
186,243
186,250
186,268
186,272
186,273
186,274
186,291
186,295
186,310
186,312
186,322
186,324
186,335
186,338
186,344
186,395
187,193
187,204
187,205
187,228
187,240
187,253
187,254
187,274
187,288
187,297
187,299
187,306
187,318
187,323
187,360
187,364
187,371
187,381
187,388
187,393
188,196
188,201
188,229
188,245
188,252
188,253
188,256
188,259
188,269
188,271
188,283
188,303
188,310
188,321
188,341
188,346
188,349
188,374
189,192
189,220
189,226
189,236
189,239
189,246
189,252
189,268
189,285
189,286
189,289
189,292
189,295
189,301
189,317
189,319
189,339
189,340
189,354
189,357
189,364
189,369
189,370
189,376
189,381
189,383
189,388
189,390
189,393
189,395
189,399
190,191
190,209
190,211
190,213
190,218
190,235
190,246
190,252
190,270
190,305
190,306
190,311
190,325
190,338
190,349
190,364
190,373
190,381
190,390
191,202
191,211
191,229
191,256
191,257
191,260
191,265
191,266
191,272
191,277
191,282
191,284
191,288
191,293
191,300
191,304
191,306
191,319
191,337
191,343
191,363
191,365
191,369
191,371
191,377
191,386
191,394
191,397
192,200
192,221
192,222
192,232
192,236
192,238
192,242
192,261
192,267
192,271
192,293
192,312
192,316
192,326
192,337
192,338
192,347
192,349
192,354
192,356
192,368
192,371
192,397
193,195
193,204
193,221
193,231
193,232
193,243
193,246
193,249
193,265
193,271
193,287
193,292
193,298
193,316
193,343
193,352
193,360
193,363
194,195
194,197
194,207
194,224
194,230
194,238
194,252
194,259
194,260
194,265
194,270
194,273
194,283
194,292
194,332
194,341
194,348
195,205
195,212
195,228
195,231
195,234
195,254
195,256
195,272
195,289
195,296
195,297
195,317
195,318
195,325
195,346
195,361
195,375
195,377
195,380
195,390
196,200
196,204
196,220
196,222
196,228
196,262
196,265
196,302
196,303
196,305
196,311
196,321
196,328
196,335
196,339
196,350
196,353
196,361
196,364
196,371
196,374
196,383
197,207
197,253
197,259
197,274
197,275
197,285
197,304
197,305
197,315
197,321
197,334
197,338
197,356
197,357
197,362
197,370
197,377
197,384
197,388
197,390
198,201
198,203
198,215
198,233
198,236
198,237
198,241
198,242
198,264
198,272
198,283
198,285
198,289
198,315
198,319
198,324
198,331
198,348
198,365
198,384
199,200
199,205
199,213
199,220
199,226
199,230
199,231
199,242
199,249
199,263
199,264
199,290
199,295
199,317
199,359
199,383
199,385
200,220
200,230
200,233
200,239
200,246
200,254
200,257
200,271
200,291
200,297
200,309
200,310
200,351
200,359
200,362
200,364
200,368
200,374
200,375
200,378
200,382
200,395
200,396
200,398
201,214
201,233
201,255
201,288
201,304
201,313
201,335
201,338
201,360
201,367
201,375
201,384
201,385
201,386
201,387
201,395
202,207
202,220
202,224
202,246
202,252
202,257
202,266
202,314
202,316
202,332
202,337
202,356
202,359
202,365
202,380
202,389
203,211
203,213
203,218
203,230
203,249
203,261
203,299
203,311
203,316
203,318
203,333
203,336
203,356
203,360
203,362
204,205
204,208
204,219
204,226
204,230
204,258
204,260
204,263
204,269
204,271
204,278
204,279
204,280
204,283
204,286
204,294
204,300
204,302
204,307
204,311
204,313
204,314
204,323
204,332
204,339
204,341
204,354
204,363
204,370
204,376
204,384
205,209
205,216
205,224
205,243
205,246
205,250
205,260
205,298
205,313
205,344
205,347
205,365
205,377
206,225
206,232
206,274
206,284
206,295
206,300
206,301
206,303
206,335
206,349
206,357
206,364
206,380
206,381
206,387
207,208
207,211
207,219
207,221
207,232
207,261
207,267
207,309
207,317
207,323
207,335
207,352
207,356
207,374
207,379
207,392
207,395
207,397
208,220
208,233
208,241
208,245
208,247
208,249
208,266
208,275
208,278
208,290
208,299
208,313
208,314
208,318
208,326
208,327
208,328
208,329
208,333
208,337
208,348
208,349
208,354
208,360
208,393
208,399
209,211
209,218
209,236
209,247
209,252
209,256
209,268
209,279
209,295
209,314
209,315
209,316
209,317
209,318
209,329
209,340
209,341
209,361
209,363
209,368
209,380
209,394
209,399
210,214
210,220
210,224
210,232
210,244
210,254
210,257
210,259
210,263
210,265
210,283
210,286
210,305
210,308
210,316
210,318
210,332
210,337
210,348
210,356
210,368
210,376
210,382
210,387
210,390
211,221
211,240
211,251
211,252
211,257
211,263
211,264
211,269
211,334
211,361
211,377
211,390
211,399
212,244
212,251
212,262
212,264
212,283
212,286
212,306
212,312
212,327
212,354
212,357
212,369
212,371
212,393
212,396
213,219
213,224
213,246
213,263
213,265
213,266
213,279
213,314
213,348
213,349
213,352
213,364
213,367
213,372
213,375
213,376
213,384
213,391
213,393
214,218
214,222
214,238
214,250
214,271
214,276
214,283
214,308
214,312
214,319
214,330
214,331
214,332
214,334
214,336
214,339
214,352
214,353
214,361
214,375
215,229
215,251
215,266
215,268
215,275
215,279
215,293
215,298
215,299
215,310
215,313
215,321
215,322
215,323
215,324
215,328
215,347
215,353
215,360
215,364
215,384
215,389
215,398
216,220
216,224
216,230
216,239
216,251
216,254
216,258
216,267
216,270
216,275
216,286
216,289
216,295
216,312
216,316
216,320
216,338
216,351
216,358
216,363
216,379
216,382
216,394
217,221
217,222
217,226
217,232
217,266
217,274
217,279
217,282
217,323
217,346
217,364
217,384
217,399
218,238
218,248
218,250
218,271
218,272
218,289
218,293
218,297
218,309
218,316
218,323
218,334
218,351
218,382
218,389
219,233
219,253
219,254
219,267
219,290
219,293
219,311
219,313
219,317
219,321
219,333
219,357
219,359
219,374
219,392
220,235
220,247
220,256
220,273
220,289
220,296
220,297
220,302
220,328
220,338
220,346
220,353
220,364
220,366
220,369
220,384
221,234
221,235
221,243
221,247
221,251
221,252
221,255
221,270
221,272
221,273
221,295
221,311
221,326
221,329
221,337
221,350
221,353
221,361
221,395
221,398
222,227
222,233
222,245
222,259
222,263
222,284
222,289
222,298
222,300
222,323
222,357
222,360
222,378
222,383
222,386
222,395
223,224
223,236
223,241
223,251
223,262
223,268
223,270
223,275
223,278
223,281
223,306
223,327
223,334
223,336
223,341
223,343
223,364
223,368
223,384
223,390
223,391
224,225
224,246
224,250
224,264
224,269
224,272
224,274
224,288
224,291
224,297
224,298
224,328
224,337
224,342
224,351
224,352
224,356
224,372
224,379
224,382
224,391
224,392
224,399
225,230
225,257
225,270
225,280
225,294
225,307
225,314
225,369
225,386
226,240
226,285
226,291
226,316
226,331
226,335
226,346
226,354
226,356
226,392
227,233
227,234
227,260
227,270
227,272
227,281
227,317
227,318
227,320
227,349
227,382
228,232
228,245
228,262
228,264
228,319
228,321
228,339
228,346
228,354
228,362
228,363
228,387
228,394
228,396
229,236
229,251
229,256
229,258
229,261
229,265
229,269
229,274
229,275
229,285
229,294
229,296
229,309
229,326
229,331
229,338
229,339
229,354
229,377
229,378
229,383
229,385
229,386
229,388
229,393
230,234
230,247
230,249
230,251
230,268
230,275
230,333
230,340
230,351
230,370
230,384
230,388
231,235
231,241
231,244
231,245
231,251
231,254
231,261
231,265
231,269
231,281
231,294
231,299
231,307
231,321
231,330
231,361
231,368
231,398
232,233
232,234
232,239
232,245
232,271
232,324
232,332
232,348
232,360
232,370
232,393
233,247
233,248
233,276
233,288
233,297
233,303
233,323
233,332
233,335
233,340
233,353
233,355
233,361
233,363
233,369
233,384
233,399
234,235
234,255
234,256
234,257
234,258
234,267
234,279
234,288
234,294
234,306
234,317
234,334
234,348
234,363
234,382
234,385
234,395
235,236
235,245
235,250
235,252
235,271
235,283
235,287
235,290
235,292
235,295
235,300
235,301
235,305
235,324
235,356
235,364
235,372
235,377
236,237
236,239
236,242
236,249
236,253
236,256
236,258
236,275
236,287
236,294
236,309
236,322
236,342
236,359
236,364
236,367
236,370
236,372
236,380
236,381
236,388
236,395
237,270
237,289
237,291
237,296
237,315
237,333
237,352
237,360
237,361
237,364
237,381
237,393
237,399
238,243
238,244
238,246
238,258
238,259
238,284
238,297
238,299
238,314
238,346
238,348
238,355
238,371
238,376
238,394
239,240
239,245
239,266
239,283
239,295
239,300
239,301
239,304
239,312
239,319
239,330
239,331
239,333
239,337
239,358
240,245
240,252
240,255
240,260
240,289
240,296
240,297
240,313
240,329
240,331
240,338
240,339
240,340
240,358
240,361
240,381
240,386
240,388
240,393
240,394
241,250
241,253
241,261
241,274
241,328
241,330
241,337
241,340
241,364
241,396
242,250
242,264
242,284
242,287
242,294
242,324
242,332
242,343
242,347
242,358
242,364
242,366
242,383
243,247
243,251
243,269
243,297
243,334
243,335
243,343
243,347
243,357
243,362
243,369
243,383
243,398
244,263
244,271
244,275
244,278
244,280
244,297
244,305
244,310
244,316
244,320
244,325
244,349
244,362
244,366
244,367
244,375
244,379
244,380
245,248
245,260
245,263
245,269
245,271
245,275
245,295
245,296
245,298
245,299
245,303
245,330
245,332
245,359
245,365
245,378
245,388
245,389
245,391
246,262
246,265
246,269
246,293
246,297
246,311
246,318
246,326
246,338
246,348
246,359
246,364
246,370
246,382
246,396
247,255
247,263
247,268
247,269
247,271
247,278
247,281
247,282
247,288
247,293
247,295
247,299
247,308
247,313
247,322
247,325
247,326
247,327
247,334
247,357
247,368
248,258
248,265
248,292
248,297
248,301
248,322
248,332
248,346
248,350
248,359
248,361
248,363
248,365
248,368
248,382
249,265
249,266
249,292
249,311
249,312
249,314
249,338
249,342
249,369
249,392
250,271
250,272
250,282
250,292
250,300
250,307
250,312
250,317
250,333
250,335
250,337
250,357
250,366
250,383
250,393
251,253
251,254
251,269
251,270
251,310
251,318
251,321
251,327
251,330
251,349
251,364
252,258
252,262
252,267
252,269
252,274
252,275
252,287
252,291
252,292
252,295
252,300
252,301
252,303
252,307
252,308
252,321
252,329
252,333
252,342
252,345
252,354
252,358
252,371
252,389
252,393
252,394
252,397
253,275
253,307
253,323
253,329
253,361
253,366
253,367
253,380
253,387
254,260
254,281
254,295
254,304
254,328
254,329
254,330
254,338
254,348
254,369
254,383
254,384
254,385
254,392
254,394
255,256
255,267
255,282
255,321
255,326
255,361
255,362
255,383
256,257
256,267
256,273
256,277
256,278
256,279
256,288
256,293
256,299
256,308
256,313
256,324
256,346
256,356
256,359
256,399
257,266
257,275
257,296
257,306
257,308
257,317
257,321
257,328
257,332
257,336
257,338
257,354
257,367
257,380
257,381
257,386
257,389
258,259
258,273
258,284
258,290
258,292
258,325
258,341
258,345
258,352
258,354
258,368
258,378
259,260
259,264
259,293
259,308
259,311
259,317
259,322
259,327
259,328
259,340
259,346
259,347
259,354
259,357
259,371
259,372
259,397
260,263
260,268
260,275
260,285
260,287
260,299
260,305
260,330
260,334
260,344
260,357
260,362
260,369
260,372
260,380
260,395
261,270
261,275
261,279
261,280
261,282
261,286
261,293
261,297
261,321
261,332
261,337
261,340
261,342
261,344
261,346
261,351
261,358
261,371
261,386
261,394
262,264
262,270
262,279
262,296
262,302
262,321
262,336
262,338
262,341
262,358
262,363
262,372
262,384
262,387
262,391
262,399
263,270
263,272
263,283
263,298
263,321
263,340
263,351
263,363
264,282
264,289
264,299
264,309
264,315
264,321
264,328
264,355
264,364
264,373
264,382
265,268
265,275
265,280
265,283
265,295
265,305
265,308
265,320
265,322
265,328
265,345
265,347
265,352
265,355
265,365
265,367
265,387
266,267
266,269
266,272
266,281
266,288
266,289
266,305
266,310
266,311
266,315
266,317
266,318
266,321
266,322
266,333
266,350
266,368
266,382
266,396
267,274
267,288
267,291
267,301
267,304
267,312
267,325
267,326
267,334
267,335
267,337
267,343
267,386
267,393
268,290
268,298
268,301
268,304
268,312
268,321
268,322
268,331
268,345
268,365
268,372
268,378
268,394
268,397
269,283
269,287
269,289
269,291
269,297
269,346
269,349
269,360
269,361
269,378
269,390
270,307
270,313
270,317
270,332
270,366
270,369
270,371
270,372
270,387
270,388
271,275
271,285
271,287
271,294
271,297
271,300
271,312
271,335
271,341
271,347
271,349
271,367
271,385
271,392
271,398
272,286
272,323
272,354
272,375
272,383
272,399
273,275
273,289
273,293
273,296
273,301
273,302
273,321
273,335
273,359
273,367
273,370
273,373
273,383
273,386
273,388
273,399
274,278
274,293
274,315
274,326
274,334
274,374
274,387
274,391
275,284
275,291
275,292
275,294
275,304
275,318
275,327
275,328
275,331
275,333
275,337
275,339
275,340
275,357
275,363
275,364
275,376
275,385
275,388
275,392
275,393
275,394
276,285
276,286
276,292
276,297
276,299
276,304
276,311
276,318
276,325
276,326
276,327
276,328
276,339
276,342
276,345
276,351
276,356
276,361
276,376
276,382
276,386
277,278
277,279
277,283
277,284
277,293
277,307
277,309
277,317
277,336
277,357
277,369
277,371
277,385
277,396
277,397
278,282
278,289
278,300
278,321
278,323
278,324
278,332
278,338
278,340
278,356
278,357
278,374
279,308
279,318
279,319
279,324
279,336
279,361
279,395
280,295
280,300
280,309
280,321
280,328
280,337
280,356
280,362
280,365
280,387
280,399
281,304
281,317
281,321
281,328
281,331
281,342
281,347
281,351
281,355
281,357
281,361
281,362
281,364
281,376
281,386
281,392
281,396
282,315
282,317
282,333
282,347
282,349
282,362
282,371
282,375
282,394
283,303
283,308
283,316
283,358
283,365
283,367
283,368
283,391
284,289
284,295
284,302
284,307
284,311
284,338
284,341
284,347
284,359
284,368
284,383
284,397
285,288
285,303
285,304
285,306
285,308
285,309
285,310
285,337
285,339
285,345
285,353
285,368
285,381
285,394
286,293
286,299
286,309
286,311
286,321
286,346
286,372
286,376
286,379
286,393
286,397
287,298
287,310
287,323
287,332
287,343
287,361
287,367
287,387
287,392
287,397
288,298
288,323
288,325
288,355
288,366
288,383
288,394
289,291
289,292
289,294
289,300
289,302
289,311
289,325
289,334
289,337
289,341
289,343
289,346
289,351
289,353
289,361
289,364
289,366
289,368
289,377
290,307
290,313
290,325
290,333
290,357
290,367
290,370
290,391
290,392
291,293
291,299
291,312
291,319
291,337
291,352
291,353
291,373
291,386
291,393
292,304
292,310
292,319
292,324
292,340
292,345
292,353
292,356
292,366
292,367
292,369
292,380
293,294
293,295
293,300
293,312
293,320
293,332
293,355
293,359
293,360
293,399
294,303
294,314
294,316
294,318
294,323
294,332
294,347
294,350
294,359
294,387
295,300
295,301
295,302
295,329
295,337
295,342
295,346
295,350
295,353
295,370
295,388
295,392
296,309
296,344
296,346
296,354
296,370
296,378
296,382
297,301
297,304
297,311
297,318
297,322
297,325
297,337
297,344
297,357
297,364
297,372
297,391
297,394
297,398
298,301
298,306
298,309
298,312
298,316
298,328
298,364
298,368
298,370
298,377
298,385
298,395
299,302
299,311
299,321
299,331
299,337
299,345
299,348
299,352
299,369
299,379
300,313
300,318
300,320
300,321
300,322
300,330
300,333
300,340
300,350
300,355
300,368
300,372
301,310
301,314
301,339
301,342
301,346
301,352
301,373
301,392
302,309
302,315
302,320
302,324
302,332
302,353
302,356
302,365
302,388
302,390
303,305
303,307
303,311
303,355
303,357
303,364
303,377
303,380
303,385
303,388
304,307
304,313
304,314
304,319
304,323
304,332
304,333
304,339
304,344
304,348
304,349
304,357
304,375
304,379
304,384
304,394
305,309
305,312
305,320
305,354
305,357
305,359
305,367
305,387
305,388
305,390
306,317
306,324
306,344
306,349
306,350
306,359
306,392
307,315
307,316
307,345
307,347
307,348
307,362
307,366
307,381
307,384
308,312
308,317
308,327
308,334
308,346
308,353
308,362
308,370
308,384
309,323
309,332
309,337
309,340
310,326
310,338
310,341
310,343
310,365
310,380
310,397
310,399
311,318
311,327
311,337
311,339
311,354
311,365
311,372
311,379
311,399
312,327
312,332
312,339
312,345
312,373
312,396
313,320
313,341
313,354
313,375
313,376
313,378
313,384
314,317
314,327
314,334
314,336
314,342
314,355
314,370
314,393
315,330
315,339
315,341
315,345
315,349
315,394
316,338
316,363
316,364
316,372
316,378
316,387
317,322
317,325
317,328
317,367
317,379
317,380
317,384
317,396
318,320
318,323
318,362
318,380
318,389
318,399
319,339
319,377
319,396
320,322
320,342
320,389
321,354
321,357
321,358
322,324
322,325
322,329
322,347
322,351
322,353
322,380
323,333
323,335
323,340
323,355
323,358
323,361
323,376
323,384
323,395
323,396
323,397
324,327
324,343
324,347
324,365
324,375
324,380
325,327
325,366
325,380
325,381
325,384
326,338
326,341
326,360
326,373
326,389
327,360
327,364
327,371
327,381
327,386
327,394
328,332
328,337
328,340
328,352
328,355
328,357
328,365
328,369
328,376
328,391
328,394
329,331
329,333
329,354
329,376
329,395
329,397
329,398
330,332
330,338
330,341
330,344
330,367
330,375
330,383
330,396
331,333
331,334
331,348
331,358
331,365
331,370
331,373
331,377
331,385
331,390
331,395
332,334
332,349
332,353
332,360
332,365
332,370
332,371
332,380
332,387
332,392
333,340
333,370
333,379
333,380
333,384
334,347
334,351
334,354
334,362
334,365
334,376
334,380
335,354
335,357
335,358
335,363
335,371
335,379
335,380
336,337
336,350
336,353
336,359
336,361
336,373
336,389
336,391
337,340
337,353
337,357
337,359
337,373
337,382
337,396
337,399
338,347
338,353
338,355
338,358
338,365
338,366
338,379
338,388
338,392
338,396
339,374
339,377
339,383
339,398
340,345
341,352
341,373
341,381
341,382
342,353
342,362
342,364
342,379
342,385
342,396
342,399
343,347
343,367
343,380
343,386
344,347
344,351
344,356
344,370
344,387
344,392
344,394
345,349
345,356
345,382
345,395
345,397
346,349
346,360
346,371
346,376
346,378
346,384
346,387
347,351
347,354
347,369
347,374
347,383
347,387
347,394
348,360
348,361
348,364
348,370
348,382
349,363
349,365
349,374
349,381
350,360
350,361
350,365
350,373
350,377
350,380
350,393
351,355
351,369
351,370
352,355
352,361
352,363
352,368
352,370
352,375
352,393
353,358
353,360
353,376
353,380
353,398
353,399
354,375
355,365
355,382
355,398
356,367
356,368
356,372
356,377
356,378
356,382
356,388
356,395
357,370
357,380
357,390
358,365
358,369
358,375
358,392
358,394
358,395
358,399
359,361
359,383
359,386
360,363
360,390
360,396
360,398
361,391
362,366
362,367
362,374
362,376
363,395
363,398
364,395
365,376
365,382
365,388
365,391
365,393
366,373
366,377
366,380
366,392
367,374
367,379
367,388
367,393
368,379
368,393
368,398
369,381
369,383
369,389
370,371
370,373
370,374
370,384
370,396
371,389
371,395
371,397
372,385
373,375
373,378
373,379
373,387
375,378
375,383
375,396
375,398
376,397
376,399
377,386
378,379
378,388
378,395
378,399
379,385
380,382
381,384
381,387
381,391
382,383
382,392
382,395
383,392
383,398
385,389
385,396
385,399
386,394
387,397
389,391
389,395
389,397
389,398
390,397
391,396
391,399
392,395
