20
8 5 6
0 3 5 2 6 10 3 1 7 7 2 2 3 6 8 10 8 7 4 4
6 0 6 6 7 2 9 8 7 2 4 10 4 1 4 2 2 4 5 5
5 5 0 3 10 2 1 5 4 4 10 4 1 1 10 5 5 3 6 10
8 3 5 0 9 7 3 3 7 2 3 10 7 6 4 2 10 1 9 4
7 3 3 2 0 2 5 1 6 7 8 9 1 3 2 8 9 6 1 2
10 2 2 6 5 0 2 5 1 1 4 4 9 9 1 3 1 9 3 5
3 7 5 2 7 2 0 4 4 4 4 2 5 3 9 7 3 2 8 8
1 3 4 5 7 2 5 0 4 6 10 5 3 2 1 5 1 7 6 5
7 8 2 2 10 8 4 1 0 9 2 9 10 6 1 3 5 5 10 2
1 1 4 4 10 7 10 2 10 0 6 5 8 1 3 10 7 9 7 7
5 1 8 2 10 8 6 4 4 5 0 8 6 7 4 10 1 6 3 2
6 1 2 8 4 9 3 5 1 3 6 0 6 9 3 1 4 7 9 8
4 7 7 9 5 9 10 5 10 2 8 5 0 6 3 8 4 8 3 6
6 9 3 9 2 5 1 9 4 6 7 4 9 0 9 5 8 3 3 3
5 1 10 2 3 6 5 4 6 2 3 5 5 2 0 3 5 2 8 1
9 1 8 8 7 9 2 3 5 9 9 7 3 8 8 0 9 8 3 3
4 4 5 2 4 8 7 8 2 5 9 2 4 4 5 4 0 9 5 7
8 2 6 9 4 3 9 10 6 5 3 1 6 7 3 5 9 0 3 9
2 3 10 9 9 1 2 5 7 10 2 9 4 10 8 8 7 1 0 3
3 2 8 10 10 5 3 4 5 4 2 2 9 9 10 8 7 6 4 0
