Dataset: d5
Parametros: n=200, D=15, k=15, b=15

Backups encontrados:
Antena 0: [8, 9, 10, 11, 12, 13, 14, 15, 192, 193, 194, 195, 196, 197, 198]
Antena 1: [8, 9, 10, 11, 12, 13, 14, 15, 192, 193, 194, 195, 196, 197, 198]
Antena 2: [8, 9, 10, 11, 12, 13, 14, 15, 192, 193, 194, 195, 196, 197, 198]
Antena 3: [8, 9, 10, 11, 12, 13, 14, 15, 192, 193, 194, 195, 196, 197, 198]
Antena 4: [8, 9, 10, 11, 12, 13, 14, 15, 192, 193, 194, 195, 196, 197, 198]
Antena 5: [8, 9, 10, 11, 12, 13, 14, 15, 192, 193, 194, 195, 196, 197, 198]
Antena 6: [8, 9, 10, 11, 12, 13, 14, 15, 192, 193, 194, 195, 196, 197, 198]
Antena 7: [8, 9, 10, 11, 12, 13, 14, 15, 192, 193, 194, 195, 196, 197, 198]
Antena 8: [1, 2, 3, 4, 5, 6, 7, 9, 10, 11, 12, 13, 14, 15, 199]
Antena 9: [0, 2, 3, 4, 5, 6, 7, 8, 10, 11, 12, 13, 14, 15, 199]
Antena 10: [0, 1, 3, 4, 5, 6, 7, 8, 9, 11, 12, 13, 14, 15, 199]
Antena 11: [0, 1, 2, 4, 5, 6, 7, 8, 9, 10, 12, 13, 14, 15, 199]
Antena 12: [0, 1, 2, 3, 5, 6, 7, 8, 9, 10, 11, 13, 14, 15, 199]
Antena 13: [0, 1, 2, 3, 4, 6, 7, 8, 9, 10, 11, 12, 14, 15, 199]
Antena 14: [0, 1, 2, 3, 4, 5, 7, 8, 9, 10, 11, 12, 13, 15, 199]
Antena 15: [0, 1, 2, 3, 4, 5, 6, 8, 9, 10, 11, 12, 13, 14, 199]
Antena 16: [17, 18, 19, 20, 21, 22, 23, 24, 25, 26, 27, 28, 29, 30, 31]
Antena 17: [16, 18, 19, 20, 21, 22, 23, 24, 25, 26, 27, 28, 29, 30, 31]
Antena 18: [16, 17, 19, 20, 21, 22, 23, 24, 25, 26, 27, 28, 29, 30, 31]
Antena 19: [16, 17, 18, 20, 21, 22, 23, 24, 25, 26, 27, 28, 29, 30, 31]
Antena 20: [16, 17, 18, 19, 21, 22, 23, 24, 25, 26, 27, 28, 29, 30, 31]
Antena 21: [16, 17, 18, 19, 20, 22, 23, 24, 25, 26, 27, 28, 29, 30, 31]
Antena 22: [16, 17, 18, 19, 20, 21, 23, 24, 25, 26, 27, 28, 29, 30, 31]
Antena 23: [16, 17, 18, 19, 20, 21, 22, 24, 25, 26, 27, 28, 29, 30, 31]
Antena 24: [16, 17, 18, 19, 20, 21, 22, 23, 25, 26, 27, 28, 29, 30, 31]
Antena 25: [16, 17, 18, 19, 20, 21, 22, 23, 24, 26, 27, 28, 29, 30, 31]
Antena 26: [16, 17, 18, 19, 20, 21, 22, 23, 24, 25, 27, 28, 29, 30, 31]
Antena 27: [16, 17, 18, 19, 20, 21, 22, 23, 24, 25, 26, 28, 29, 30, 31]
Antena 28: [16, 17, 18, 19, 20, 21, 22, 23, 24, 25, 26, 27, 29, 30, 31]
Antena 29: [16, 17, 18, 19, 20, 21, 22, 23, 24, 25, 26, 27, 28, 30, 31]
Antena 30: [16, 17, 18, 19, 20, 21, 22, 23, 24, 25, 26, 27, 28, 29, 31]
Antena 31: [16, 17, 18, 19, 20, 21, 22, 23, 24, 25, 26, 27, 28, 29, 30]
Antena 32: [33, 34, 35, 36, 37, 38, 39, 40, 41, 42, 43, 44, 45, 46, 47]
Antena 33: [32, 34, 35, 36, 37, 38, 39, 40, 41, 42, 43, 44, 45, 46, 47]
Antena 34: [32, 33, 35, 36, 37, 38, 39, 40, 41, 42, 43, 44, 45, 46, 47]
Antena 35: [32, 33, 34, 36, 37, 38, 39, 40, 41, 42, 43, 44, 45, 46, 47]
Antena 36: [32, 33, 34, 35, 37, 38, 39, 40, 41, 42, 43, 44, 45, 46, 47]
Antena 37: [32, 33, 34, 35, 36, 38, 39, 40, 41, 42, 43, 44, 45, 46, 47]
Antena 38: [32, 33, 34, 35, 36, 37, 39, 40, 41, 42, 43, 44, 45, 46, 47]
Antena 39: [32, 33, 34, 35, 36, 37, 38, 40, 41, 42, 43, 44, 45, 46, 47]
Antena 40: [32, 33, 34, 35, 36, 37, 38, 39, 41, 42, 43, 44, 45, 46, 47]
Antena 41: [32, 33, 34, 35, 36, 37, 38, 39, 40, 42, 43, 44, 45, 46, 47]
Antena 42: [32, 33, 34, 35, 36, 37, 38, 39, 40, 41, 43, 44, 45, 46, 47]
Antena 43: [32, 33, 34, 35, 36, 37, 38, 39, 40, 41, 42, 44, 45, 46, 47]
Antena 44: [32, 33, 34, 35, 36, 37, 38, 39, 40, 41, 42, 43, 45, 46, 47]
Antena 45: [32, 33, 34, 35, 36, 37, 38, 39, 40, 41, 42, 43, 44, 46, 47]
Antena 46: [32, 33, 34, 35, 36, 37, 38, 39, 40, 41, 42, 43, 44, 45, 47]
Antena 47: [32, 33, 34, 35, 36, 37, 38, 39, 40, 41, 42, 43, 44, 45, 46]
Antena 48: [49, 50, 51, 52, 53, 54, 55, 56, 57, 58, 59, 60, 61, 62, 63]
Antena 49: [48, 50, 51, 52, 53, 54, 55, 56, 57, 58, 59, 60, 61, 62, 63]
Antena 50: [48, 49, 51, 52, 53, 54, 55, 56, 57, 58, 59, 60, 61, 62, 63]
Antena 51: [48, 49, 50, 52, 53, 54, 55, 56, 57, 58, 59, 60, 61, 62, 63]
Antena 52: [48, 49, 50, 51, 53, 54, 55, 56, 57, 58, 59, 60, 61, 62, 63]
Antena 53: [48, 49, 50, 51, 52, 54, 55, 56, 57, 58, 59, 60, 61, 62, 63]
Antena 54: [48, 49, 50, 51, 52, 53, 55, 56, 57, 58, 59, 60, 61, 62, 63]
Antena 55: [48, 49, 50, 51, 52, 53, 54, 56, 57, 58, 59, 60, 61, 62, 63]
Antena 56: [48, 49, 50, 51, 52, 53, 54, 55, 57, 58, 59, 60, 61, 62, 63]
Antena 57: [48, 49, 50, 51, 52, 53, 54, 55, 56, 58, 59, 60, 61, 62, 63]
Antena 58: [48, 49, 50, 51, 52, 53, 54, 55, 56, 57, 59, 60, 61, 62, 63]
Antena 59: [48, 49, 50, 51, 52, 53, 54, 55, 56, 57, 58, 60, 61, 62, 63]
Antena 60: [48, 49, 50, 51, 52, 53, 54, 55, 56, 57, 58, 59, 61, 62, 63]
Antena 61: [48, 49, 50, 51, 52, 53, 54, 55, 56, 57, 58, 59, 60, 62, 63]
Antena 62: [48, 49, 50, 51, 52, 53, 54, 55, 56, 57, 58, 59, 60, 61, 63]
Antena 63: [48, 49, 50, 51, 52, 53, 54, 55, 56, 57, 58, 59, 60, 61, 62]
Antena 64: [65, 66, 67, 68, 69, 70, 71, 72, 73, 74, 75, 76, 77, 78, 79]
Antena 65: [64, 66, 67, 68, 69, 70, 71, 72, 73, 74, 75, 76, 77, 78, 79]
Antena 66: [64, 65, 67, 68, 69, 70, 71, 72, 73, 74, 75, 76, 77, 78, 79]
Antena 67: [64, 65, 66, 68, 69, 70, 71, 72, 73, 74, 75, 76, 77, 78, 79]
Antena 68: [64, 65, 66, 67, 69, 70, 71, 72, 73, 74, 75, 76, 77, 78, 79]
Antena 69: [64, 65, 66, 67, 68, 70, 71, 72, 73, 74, 75, 76, 77, 78, 79]
Antena 70: [64, 65, 66, 67, 68, 69, 71, 72, 73, 74, 75, 76, 77, 78, 79]
Antena 71: [64, 65, 66, 67, 68, 69, 70, 72, 73, 74, 75, 76, 77, 78, 79]
Antena 72: [64, 65, 66, 67, 68, 69, 70, 71, 73, 74, 75, 76, 77, 78, 79]
Antena 73: [64, 65, 66, 67, 68, 69, 70, 71, 72, 74, 75, 76, 77, 78, 79]
Antena 74: [64, 65, 66, 67, 68, 69, 70, 71, 72, 73, 75, 76, 77, 78, 79]
Antena 75: [64, 65, 66, 67, 68, 69, 70, 71, 72, 73, 74, 76, 77, 78, 79]
Antena 76: [64, 65, 66, 67, 68, 69, 70, 71, 72, 73, 74, 75, 77, 78, 79]
Antena 77: [64, 65, 66, 67, 68, 69, 70, 71, 72, 73, 74, 75, 76, 78, 79]
Antena 78: [64, 65, 66, 67, 68, 69, 70, 71, 72, 73, 74, 75, 76, 77, 79]
Antena 79: [64, 65, 66, 67, 68, 69, 70, 71, 72, 73, 74, 75, 76, 77, 78]
Antena 80: [81, 82, 83, 84, 85, 86, 87, 88, 89, 90, 91, 92, 93, 94, 95]
Antena 81: [80, 82, 83, 84, 85, 86, 87, 88, 89, 90, 91, 92, 93, 94, 95]
Antena 82: [80, 81, 83, 84, 85, 86, 87, 88, 89, 90, 91, 92, 93, 94, 95]
Antena 83: [80, 81, 82, 84, 85, 86, 87, 88, 89, 90, 91, 92, 93, 94, 95]
Antena 84: [80, 81, 82, 83, 85, 86, 87, 88, 89, 90, 91, 92, 93, 94, 95]
Antena 85: [80, 81, 82, 83, 84, 86, 87, 88, 89, 90, 91, 92, 93, 94, 95]
Antena 86: [80, 81, 82, 83, 84, 85, 87, 88, 89, 90, 91, 92, 93, 94, 95]
Antena 87: [80, 81, 82, 83, 84, 85, 86, 88, 89, 90, 91, 92, 93, 94, 95]
Antena 88: [80, 81, 82, 83, 84, 85, 86, 87, 89, 90, 91, 92, 93, 94, 95]
Antena 89: [80, 81, 82, 83, 84, 85, 86, 87, 88, 90, 91, 92, 93, 94, 95]
Antena 90: [80, 81, 82, 83, 84, 85, 86, 87, 88, 89, 91, 92, 93, 94, 95]
Antena 91: [80, 81, 82, 83, 84, 85, 86, 87, 88, 89, 90, 92, 93, 94, 95]
Antena 92: [80, 81, 82, 83, 84, 85, 86, 87, 88, 89, 90, 91, 93, 94, 95]
Antena 93: [80, 81, 82, 83, 84, 85, 86, 87, 88, 89, 90, 91, 92, 94, 95]
Antena 94: [80, 81, 82, 83, 84, 85, 86, 87, 88, 89, 90, 91, 92, 93, 95]
Antena 95: [80, 81, 82, 83, 84, 85, 86, 87, 88, 89, 90, 91, 92, 93, 94]
Antena 96: [97, 98, 99, 100, 101, 102, 103, 104, 105, 106, 107, 108, 109, 110, 111]
Antena 97: [96, 98, 99, 100, 101, 102, 103, 104, 105, 106, 107, 108, 109, 110, 111]
Antena 98: [96, 97, 99, 100, 101, 102, 103, 104, 105, 106, 107, 108, 109, 110, 111]
Antena 99: [96, 97, 98, 100, 101, 102, 103, 104, 105, 106, 107, 108, 109, 110, 111]
Antena 100: [96, 97, 98, 99, 101, 102, 103, 104, 105, 106, 107, 108, 109, 110, 111]
Antena 101: [96, 97, 98, 99, 100, 102, 103, 104, 105, 106, 107, 108, 109, 110, 111]
Antena 102: [96, 97, 98, 99, 100, 101, 103, 104, 105, 106, 107, 108, 109, 110, 111]
Antena 103: [96, 97, 98, 99, 100, 101, 102, 104, 105, 106, 107, 108, 109, 110, 111]
Antena 104: [96, 97, 98, 99, 100, 101, 102, 103, 105, 106, 107, 108, 109, 110, 111]
Antena 105: [96, 97, 98, 99, 100, 101, 102, 103, 104, 106, 107, 108, 109, 110, 111]
Antena 106: [96, 97, 98, 99, 100, 101, 102, 103, 104, 105, 107, 108, 109, 110, 111]
Antena 107: [96, 97, 98, 99, 100, 101, 102, 103, 104, 105, 106, 108, 109, 110, 111]
Antena 108: [96, 97, 98, 99, 100, 101, 102, 103, 104, 105, 106, 107, 109, 110, 111]
Antena 109: [96, 97, 98, 99, 100, 101, 102, 103, 104, 105, 106, 107, 108, 110, 111]
Antena 110: [96, 97, 98, 99, 100, 101, 102, 103, 104, 105, 106, 107, 108, 109, 111]
Antena 111: [96, 97, 98, 99, 100, 101, 102, 103, 104, 105, 106, 107, 108, 109, 110]
Antena 112: [113, 114, 115, 116, 117, 118, 119, 120, 121, 122, 123, 124, 125, 126, 127]
Antena 113: [112, 114, 115, 116, 117, 118, 119, 120, 121, 122, 123, 124, 125, 126, 127]
Antena 114: [112, 113, 115, 116, 117, 118, 119, 120, 121, 122, 123, 124, 125, 126, 127]
Antena 115: [112, 113, 114, 116, 117, 118, 119, 120, 121, 122, 123, 124, 125, 126, 127]
Antena 116: [112, 113, 114, 115, 117, 118, 119, 120, 121, 122, 123, 124, 125, 126, 127]
Antena 117: [112, 113, 114, 115, 116, 118, 119, 120, 121, 122, 123, 124, 125, 126, 127]
Antena 118: [112, 113, 114, 115, 116, 117, 119, 120, 121, 122, 123, 124, 125, 126, 127]
Antena 119: [112, 113, 114, 115, 116, 117, 118, 120, 121, 122, 123, 124, 125, 126, 127]
Antena 120: [112, 113, 114, 115, 116, 117, 118, 119, 121, 122, 123, 124, 125, 126, 127]
Antena 121: [112, 113, 114, 115, 116, 117, 118, 119, 120, 122, 123, 124, 125, 126, 127]
Antena 122: [112, 113, 114, 115, 116, 117, 118, 119, 120, 121, 123, 124, 125, 126, 127]
Antena 123: [112, 113, 114, 115, 116, 117, 118, 119, 120, 121, 122, 124, 125, 126, 127]
Antena 124: [112, 113, 114, 115, 116, 117, 118, 119, 120, 121, 122, 123, 125, 126, 127]
Antena 125: [112, 113, 114, 115, 116, 117, 118, 119, 120, 121, 122, 123, 124, 126, 127]
Antena 126: [112, 113, 114, 115, 116, 117, 118, 119, 120, 121, 122, 123, 124, 125, 127]
Antena 127: [112, 113, 114, 115, 116, 117, 118, 119, 120, 121, 122, 123, 124, 125, 126]
Antena 128: [129, 130, 131, 132, 133, 134, 135, 136, 137, 138, 139, 140, 141, 142, 143]
Antena 129: [128, 130, 131, 132, 133, 134, 135, 136, 137, 138, 139, 140, 141, 142, 143]
Antena 130: [128, 129, 131, 132, 133, 134, 135, 136, 137, 138, 139, 140, 141, 142, 143]
Antena 131: [128, 129, 130, 132, 133, 134, 135, 136, 137, 138, 139, 140, 141, 142, 143]
Antena 132: [128, 129, 130, 131, 133, 134, 135, 136, 137, 138, 139, 140, 141, 142, 143]
Antena 133: [128, 129, 130, 131, 132, 134, 135, 136, 137, 138, 139, 140, 141, 142, 143]
Antena 134: [128, 129, 130, 131, 132, 133, 135, 136, 137, 138, 139, 140, 141, 142, 143]
Antena 135: [128, 129, 130, 131, 132, 133, 134, 136, 137, 138, 139, 140, 141, 142, 143]
Antena 136: [128, 129, 130, 131, 132, 133, 134, 135, 137, 138, 139, 140, 141, 142, 143]
Antena 137: [128, 129, 130, 131, 132, 133, 134, 135, 136, 138, 139, 140, 141, 142, 143]
Antena 138: [128, 129, 130, 131, 132, 133, 134, 135, 136, 137, 139, 140, 141, 142, 143]
Antena 139: [128, 129, 130, 131, 132, 133, 134, 135, 136, 137, 138, 140, 141, 142, 143]
Antena 140: [128, 129, 130, 131, 132, 133, 134, 135, 136, 137, 138, 139, 141, 142, 143]
Antena 141: [128, 129, 130, 131, 132, 133, 134, 135, 136, 137, 138, 139, 140, 142, 143]
Antena 142: [128, 129, 130, 131, 132, 133, 134, 135, 136, 137, 138, 139, 140, 141, 143]
Antena 143: [128, 129, 130, 131, 132, 133, 134, 135, 136, 137, 138, 139, 140, 141, 142]
Antena 144: [145, 146, 147, 148, 149, 150, 151, 152, 153, 154, 155, 156, 157, 158, 159]
Antena 145: [144, 146, 147, 148, 149, 150, 151, 152, 153, 154, 155, 156, 157, 158, 159]
Antena 146: [144, 145, 147, 148, 149, 150, 151, 152, 153, 154, 155, 156, 157, 158, 159]
Antena 147: [144, 145, 146, 148, 149, 150, 151, 152, 153, 154, 155, 156, 157, 158, 159]
Antena 148: [144, 145, 146, 147, 149, 150, 151, 152, 153, 154, 155, 156, 157, 158, 159]
Antena 149: [144, 145, 146, 147, 148, 150, 151, 152, 153, 154, 155, 156, 157, 158, 159]
Antena 150: [144, 145, 146, 147, 148, 149, 151, 152, 153, 154, 155, 156, 157, 158, 159]
Antena 151: [144, 145, 146, 147, 148, 149, 150, 152, 153, 154, 155, 156, 157, 158, 159]
Antena 152: [144, 145, 146, 147, 148, 149, 150, 151, 153, 154, 155, 156, 157, 158, 159]
Antena 153: [144, 145, 146, 147, 148, 149, 150, 151, 152, 154, 155, 156, 157, 158, 159]
Antena 154: [144, 145, 146, 147, 148, 149, 150, 151, 152, 153, 155, 156, 157, 158, 159]
Antena 155: [144, 145, 146, 147, 148, 149, 150, 151, 152, 153, 154, 156, 157, 158, 159]
Antena 156: [144, 145, 146, 147, 148, 149, 150, 151, 152, 153, 154, 155, 157, 158, 159]
Antena 157: [144, 145, 146, 147, 148, 149, 150, 151, 152, 153, 154, 155, 156, 158, 159]
Antena 158: [144, 145, 146, 147, 148, 149, 150, 151, 152, 153, 154, 155, 156, 157, 159]
Antena 159: [144, 145, 146, 147, 148, 149, 150, 151, 152, 153, 154, 155, 156, 157, 158]
Antena 160: [161, 162, 163, 164, 165, 166, 167, 168, 169, 170, 171, 172, 173, 174, 175]
Antena 161: [160, 162, 163, 164, 165, 166, 167, 168, 169, 170, 171, 172, 173, 174, 175]
Antena 162: [160, 161, 163, 164, 165, 166, 167, 168, 169, 170, 171, 172, 173, 174, 175]
Antena 163: [160, 161, 162, 164, 165, 166, 167, 168, 169, 170, 171, 172, 173, 174, 175]
Antena 164: [160, 161, 162, 163, 165, 166, 167, 168, 169, 170, 171, 172, 173, 174, 175]
Antena 165: [160, 161, 162, 163, 164, 166, 167, 168, 169, 170, 171, 172, 173, 174, 175]
Antena 166: [160, 161, 162, 163, 164, 165, 167, 168, 169, 170, 171, 172, 173, 174, 175]
Antena 167: [160, 161, 162, 163, 164, 165, 166, 168, 169, 170, 171, 172, 173, 174, 175]
Antena 168: [160, 161, 162, 163, 164, 165, 166, 167, 169, 170, 171, 172, 173, 174, 175]
Antena 169: [160, 161, 162, 163, 164, 165, 166, 167, 168, 170, 171, 172, 173, 174, 175]
Antena 170: [160, 161, 162, 163, 164, 165, 166, 167, 168, 169, 171, 172, 173, 174, 175]
Antena 171: [160, 161, 162, 163, 164, 165, 166, 167, 168, 169, 170, 172, 173, 174, 175]
Antena 172: [160, 161, 162, 163, 164, 165, 166, 167, 168, 169, 170, 171, 173, 174, 175]
Antena 173: [160, 161, 162, 163, 164, 165, 166, 167, 168, 169, 170, 171, 172, 174, 175]
Antena 174: [160, 161, 162, 163, 164, 165, 166, 167, 168, 169, 170, 171, 172, 173, 175]
Antena 175: [160, 161, 162, 163, 164, 165, 166, 167, 168, 169, 170, 171, 172, 173, 174]
Antena 176: [177, 178, 179, 180, 181, 182, 183, 184, 185, 186, 187, 188, 189, 190, 191]
Antena 177: [176, 178, 179, 180, 181, 182, 183, 184, 185, 186, 187, 188, 189, 190, 191]
Antena 178: [176, 177, 179, 180, 181, 182, 183, 184, 185, 186, 187, 188, 189, 190, 191]
Antena 179: [176, 177, 178, 180, 181, 182, 183, 184, 185, 186, 187, 188, 189, 190, 191]
Antena 180: [176, 177, 178, 179, 181, 182, 183, 184, 185, 186, 187, 188, 189, 190, 191]
Antena 181: [176, 177, 178, 179, 180, 182, 183, 184, 185, 186, 187, 188, 189, 190, 191]
Antena 182: [176, 177, 178, 179, 180, 181, 183, 184, 185, 186, 187, 188, 189, 190, 191]
Antena 183: [176, 177, 178, 179, 180, 181, 182, 184, 185, 186, 187, 188, 189, 190, 191]
Antena 184: [176, 177, 178, 179, 180, 181, 182, 183, 185, 186, 187, 188, 189, 190, 191]
Antena 185: [176, 177, 178, 179, 180, 181, 182, 183, 184, 186, 187, 188, 189, 190, 191]
Antena 186: [176, 177, 178, 179, 180, 181, 182, 183, 184, 185, 187, 188, 189, 190, 191]
Antena 187: [176, 177, 178, 179, 180, 181, 182, 183, 184, 185, 186, 188, 189, 190, 191]
Antena 188: [176, 177, 178, 179, 180, 181, 182, 183, 184, 185, 186, 187, 189, 190, 191]
Antena 189: [176, 177, 178, 179, 180, 181, 182, 183, 184, 185, 186, 187, 188, 190, 191]
Antena 190: [176, 177, 178, 179, 180, 181, 182, 183, 184, 185, 186, 187, 188, 189, 191]
Antena 191: [176, 177, 178, 179, 180, 181, 182, 183, 184, 185, 186, 187, 188, 189, 190]
Antena 192: [0, 1, 2, 3, 4, 5, 6, 7, 193, 194, 195, 196, 197, 198, 199]
Antena 193: [0, 1, 2, 3, 4, 5, 6, 7, 192, 194, 195, 196, 197, 198, 199]
Antena 194: [0, 1, 2, 3, 4, 5, 6, 7, 192, 193, 195, 196, 197, 198, 199]
Antena 195: [0, 1, 2, 3, 4, 5, 6, 7, 192, 193, 194, 196, 197, 198, 199]
Antena 196: [0, 1, 2, 3, 4, 5, 6, 7, 192, 193, 194, 195, 197, 198, 199]
Antena 197: [0, 1, 2, 3, 4, 5, 6, 7, 192, 193, 194, 195, 196, 198, 199]
Antena 198: [0, 1, 2, 3, 4, 5, 6, 7, 192, 193, 194, 195, 196, 197, 199]
Antena 199: [0, 1, 2, 3, 4, 5, 6, 7, 192, 193, 194, 195, 196, 197, 198]

Cantidad de veces que cada antena aparece como backup:
Antena 0: 15 veces
Antena 1: 15 veces
Antena 2: 15 veces
Antena 3: 15 veces
Antena 4: 15 veces
Antena 5: 15 veces
Antena 6: 15 veces
Antena 7: 15 veces
Antena 8: 15 veces
Antena 9: 15 veces
Antena 10: 15 veces
Antena 11: 15 veces
Antena 12: 15 veces
Antena 13: 15 veces
Antena 14: 15 veces
Antena 15: 15 veces
Antena 16: 15 veces
Antena 17: 15 veces
Antena 18: 15 veces
Antena 19: 15 veces
Antena 20: 15 veces
Antena 21: 15 veces
Antena 22: 15 veces
Antena 23: 15 veces
Antena 24: 15 veces
Antena 25: 15 veces
Antena 26: 15 veces
Antena 27: 15 veces
Antena 28: 15 veces
Antena 29: 15 veces
Antena 30: 15 veces
Antena 31: 15 veces
Antena 32: 15 veces
Antena 33: 15 veces
Antena 34: 15 veces
Antena 35: 15 veces
Antena 36: 15 veces
Antena 37: 15 veces
Antena 38: 15 veces
Antena 39: 15 veces
Antena 40: 15 veces
Antena 41: 15 veces
Antena 42: 15 veces
Antena 43: 15 veces
Antena 44: 15 veces
Antena 45: 15 veces
Antena 46: 15 veces
Antena 47: 15 veces
Antena 48: 15 veces
Antena 49: 15 veces
Antena 50: 15 veces
Antena 51: 15 veces
Antena 52: 15 veces
Antena 53: 15 veces
Antena 54: 15 veces
Antena 55: 15 veces
Antena 56: 15 veces
Antena 57: 15 veces
Antena 58: 15 veces
Antena 59: 15 veces
Antena 60: 15 veces
Antena 61: 15 veces
Antena 62: 15 veces
Antena 63: 15 veces
Antena 64: 15 veces
Antena 65: 15 veces
Antena 66: 15 veces
Antena 67: 15 veces
Antena 68: 15 veces
Antena 69: 15 veces
Antena 70: 15 veces
Antena 71: 15 veces
Antena 72: 15 veces
Antena 73: 15 veces
Antena 74: 15 veces
Antena 75: 15 veces
Antena 76: 15 veces
Antena 77: 15 veces
Antena 78: 15 veces
Antena 79: 15 veces
Antena 80: 15 veces
Antena 81: 15 veces
Antena 82: 15 veces
Antena 83: 15 veces
Antena 84: 15 veces
Antena 85: 15 veces
Antena 86: 15 veces
Antena 87: 15 veces
Antena 88: 15 veces
Antena 89: 15 veces
Antena 90: 15 veces
Antena 91: 15 veces
Antena 92: 15 veces
Antena 93: 15 veces
Antena 94: 15 veces
Antena 95: 15 veces
Antena 96: 15 veces
Antena 97: 15 veces
Antena 98: 15 veces
Antena 99: 15 veces
Antena 100: 15 veces
Antena 101: 15 veces
Antena 102: 15 veces
Antena 103: 15 veces
Antena 104: 15 veces
Antena 105: 15 veces
Antena 106: 15 veces
Antena 107: 15 veces
Antena 108: 15 veces
Antena 109: 15 veces
Antena 110: 15 veces
Antena 111: 15 veces
Antena 112: 15 veces
Antena 113: 15 veces
Antena 114: 15 veces
Antena 115: 15 veces
Antena 116: 15 veces
Antena 117: 15 veces
Antena 118: 15 veces
Antena 119: 15 veces
Antena 120: 15 veces
Antena 121: 15 veces
Antena 122: 15 veces
Antena 123: 15 veces
Antena 124: 15 veces
Antena 125: 15 veces
Antena 126: 15 veces
Antena 127: 15 veces
Antena 128: 15 veces
Antena 129: 15 veces
Antena 130: 15 veces
Antena 131: 15 veces
Antena 132: 15 veces
Antena 133: 15 veces
Antena 134: 15 veces
Antena 135: 15 veces
Antena 136: 15 veces
Antena 137: 15 veces
Antena 138: 15 veces
Antena 139: 15 veces
Antena 140: 15 veces
Antena 141: 15 veces
Antena 142: 15 veces
Antena 143: 15 veces
Antena 144: 15 veces
Antena 145: 15 veces
Antena 146: 15 veces
Antena 147: 15 veces
Antena 148: 15 veces
Antena 149: 15 veces
Antena 150: 15 veces
Antena 151: 15 veces
Antena 152: 15 veces
Antena 153: 15 veces
Antena 154: 15 veces
Antena 155: 15 veces
Antena 156: 15 veces
Antena 157: 15 veces
Antena 158: 15 veces
Antena 159: 15 veces
Antena 160: 15 veces
Antena 161: 15 veces
Antena 162: 15 veces
Antena 163: 15 veces
Antena 164: 15 veces
Antena 165: 15 veces
Antena 166: 15 veces
Antena 167: 15 veces
Antena 168: 15 veces
Antena 169: 15 veces
Antena 170: 15 veces
Antena 171: 15 veces
Antena 172: 15 veces
Antena 173: 15 veces
Antena 174: 15 veces
Antena 175: 15 veces
Antena 176: 15 veces
Antena 177: 15 veces
Antena 178: 15 veces
Antena 179: 15 veces
Antena 180: 15 veces
Antena 181: 15 veces
Antena 182: 15 veces
Antena 183: 15 veces
Antena 184: 15 veces
Antena 185: 15 veces
Antena 186: 15 veces
Antena 187: 15 veces
Antena 188: 15 veces
Antena 189: 15 veces
Antena 190: 15 veces
Antena 191: 15 veces
Antena 192: 15 veces
Antena 193: 15 veces
Antena 194: 15 veces
Antena 195: 15 veces
Antena 196: 15 veces
Antena 197: 15 veces
Antena 198: 15 veces
Antena 199: 15 veces
