Dataset: d6
Parametros: n=300, D=15, k=15, b=15

Backups encontrados:
Antena 0: [4, 5, 6, 7, 8, 9, 10, 11, 12, 13, 14, 15, 288, 289, 290]
Antena 1: [4, 5, 6, 7, 8, 9, 10, 11, 12, 13, 14, 15, 288, 289, 290]
Antena 2: [4, 5, 6, 7, 8, 9, 10, 11, 12, 13, 14, 15, 288, 289, 290]
Antena 3: [4, 5, 6, 7, 8, 9, 10, 11, 12, 13, 14, 15, 288, 289, 290]
Antena 4: [5, 6, 7, 8, 9, 10, 11, 12, 13, 14, 15, 291, 292, 293, 294]
Antena 5: [4, 6, 7, 8, 9, 10, 11, 12, 13, 14, 15, 291, 292, 293, 294]
Antena 6: [4, 5, 7, 8, 9, 10, 11, 12, 13, 14, 15, 291, 292, 293, 294]
Antena 7: [4, 5, 6, 8, 9, 10, 11, 12, 13, 14, 15, 291, 292, 293, 294]
Antena 8: [4, 5, 6, 7, 9, 10, 11, 12, 13, 14, 15, 295, 296, 297, 298]
Antena 9: [4, 5, 6, 7, 8, 10, 11, 12, 13, 14, 15, 295, 296, 297, 298]
Antena 10: [4, 5, 6, 7, 8, 9, 11, 12, 13, 14, 15, 295, 296, 297, 298]
Antena 11: [4, 5, 6, 7, 8, 9, 10, 12, 13, 14, 15, 295, 296, 297, 298]
Antena 12: [1, 2, 3, 4, 5, 6, 7, 8, 9, 10, 11, 13, 14, 15, 299]
Antena 13: [0, 2, 3, 4, 5, 6, 7, 8, 9, 10, 11, 12, 14, 15, 299]
Antena 14: [0, 1, 3, 4, 5, 6, 7, 8, 9, 10, 11, 12, 13, 15, 299]
Antena 15: [0, 1, 2, 4, 5, 6, 7, 8, 9, 10, 11, 12, 13, 14, 299]
Antena 16: [17, 18, 19, 20, 21, 22, 23, 24, 25, 26, 27, 28, 29, 30, 31]
Antena 17: [16, 18, 19, 20, 21, 22, 23, 24, 25, 26, 27, 28, 29, 30, 31]
Antena 18: [16, 17, 19, 20, 21, 22, 23, 24, 25, 26, 27, 28, 29, 30, 31]
Antena 19: [16, 17, 18, 20, 21, 22, 23, 24, 25, 26, 27, 28, 29, 30, 31]
Antena 20: [16, 17, 18, 19, 21, 22, 23, 24, 25, 26, 27, 28, 29, 30, 31]
Antena 21: [16, 17, 18, 19, 20, 22, 23, 24, 25, 26, 27, 28, 29, 30, 31]
Antena 22: [16, 17, 18, 19, 20, 21, 23, 24, 25, 26, 27, 28, 29, 30, 31]
Antena 23: [16, 17, 18, 19, 20, 21, 22, 24, 25, 26, 27, 28, 29, 30, 31]
Antena 24: [16, 17, 18, 19, 20, 21, 22, 23, 25, 26, 27, 28, 29, 30, 31]
Antena 25: [16, 17, 18, 19, 20, 21, 22, 23, 24, 26, 27, 28, 29, 30, 31]
Antena 26: [16, 17, 18, 19, 20, 21, 22, 23, 24, 25, 27, 28, 29, 30, 31]
Antena 27: [16, 17, 18, 19, 20, 21, 22, 23, 24, 25, 26, 28, 29, 30, 31]
Antena 28: [16, 17, 18, 19, 20, 21, 22, 23, 24, 25, 26, 27, 29, 30, 31]
Antena 29: [16, 17, 18, 19, 20, 21, 22, 23, 24, 25, 26, 27, 28, 30, 31]
Antena 30: [16, 17, 18, 19, 20, 21, 22, 23, 24, 25, 26, 27, 28, 29, 31]
Antena 31: [16, 17, 18, 19, 20, 21, 22, 23, 24, 25, 26, 27, 28, 29, 30]
Antena 32: [33, 34, 35, 36, 37, 38, 39, 40, 41, 42, 43, 44, 45, 46, 47]
Antena 33: [32, 34, 35, 36, 37, 38, 39, 40, 41, 42, 43, 44, 45, 46, 47]
Antena 34: [32, 33, 35, 36, 37, 38, 39, 40, 41, 42, 43, 44, 45, 46, 47]
Antena 35: [32, 33, 34, 36, 37, 38, 39, 40, 41, 42, 43, 44, 45, 46, 47]
Antena 36: [32, 33, 34, 35, 37, 38, 39, 40, 41, 42, 43, 44, 45, 46, 47]
Antena 37: [32, 33, 34, 35, 36, 38, 39, 40, 41, 42, 43, 44, 45, 46, 47]
Antena 38: [32, 33, 34, 35, 36, 37, 39, 40, 41, 42, 43, 44, 45, 46, 47]
Antena 39: [32, 33, 34, 35, 36, 37, 38, 40, 41, 42, 43, 44, 45, 46, 47]
Antena 40: [32, 33, 34, 35, 36, 37, 38, 39, 41, 42, 43, 44, 45, 46, 47]
Antena 41: [32, 33, 34, 35, 36, 37, 38, 39, 40, 42, 43, 44, 45, 46, 47]
Antena 42: [32, 33, 34, 35, 36, 37, 38, 39, 40, 41, 43, 44, 45, 46, 47]
Antena 43: [32, 33, 34, 35, 36, 37, 38, 39, 40, 41, 42, 44, 45, 46, 47]
Antena 44: [32, 33, 34, 35, 36, 37, 38, 39, 40, 41, 42, 43, 45, 46, 47]
Antena 45: [32, 33, 34, 35, 36, 37, 38, 39, 40, 41, 42, 43, 44, 46, 47]
Antena 46: [32, 33, 34, 35, 36, 37, 38, 39, 40, 41, 42, 43, 44, 45, 47]
Antena 47: [32, 33, 34, 35, 36, 37, 38, 39, 40, 41, 42, 43, 44, 45, 46]
Antena 48: [49, 50, 51, 52, 53, 54, 55, 56, 57, 58, 59, 60, 61, 62, 63]
Antena 49: [48, 50, 51, 52, 53, 54, 55, 56, 57, 58, 59, 60, 61, 62, 63]
Antena 50: [48, 49, 51, 52, 53, 54, 55, 56, 57, 58, 59, 60, 61, 62, 63]
Antena 51: [48, 49, 50, 52, 53, 54, 55, 56, 57, 58, 59, 60, 61, 62, 63]
Antena 52: [48, 49, 50, 51, 53, 54, 55, 56, 57, 58, 59, 60, 61, 62, 63]
Antena 53: [48, 49, 50, 51, 52, 54, 55, 56, 57, 58, 59, 60, 61, 62, 63]
Antena 54: [48, 49, 50, 51, 52, 53, 55, 56, 57, 58, 59, 60, 61, 62, 63]
Antena 55: [48, 49, 50, 51, 52, 53, 54, 56, 57, 58, 59, 60, 61, 62, 63]
Antena 56: [48, 49, 50, 51, 52, 53, 54, 55, 57, 58, 59, 60, 61, 62, 63]
Antena 57: [48, 49, 50, 51, 52, 53, 54, 55, 56, 58, 59, 60, 61, 62, 63]
Antena 58: [48, 49, 50, 51, 52, 53, 54, 55, 56, 57, 59, 60, 61, 62, 63]
Antena 59: [48, 49, 50, 51, 52, 53, 54, 55, 56, 57, 58, 60, 61, 62, 63]
Antena 60: [48, 49, 50, 51, 52, 53, 54, 55, 56, 57, 58, 59, 61, 62, 63]
Antena 61: [48, 49, 50, 51, 52, 53, 54, 55, 56, 57, 58, 59, 60, 62, 63]
Antena 62: [48, 49, 50, 51, 52, 53, 54, 55, 56, 57, 58, 59, 60, 61, 63]
Antena 63: [48, 49, 50, 51, 52, 53, 54, 55, 56, 57, 58, 59, 60, 61, 62]
Antena 64: [65, 66, 67, 68, 69, 70, 71, 72, 73, 74, 75, 76, 77, 78, 79]
Antena 65: [64, 66, 67, 68, 69, 70, 71, 72, 73, 74, 75, 76, 77, 78, 79]
Antena 66: [64, 65, 67, 68, 69, 70, 71, 72, 73, 74, 75, 76, 77, 78, 79]
Antena 67: [64, 65, 66, 68, 69, 70, 71, 72, 73, 74, 75, 76, 77, 78, 79]
Antena 68: [64, 65, 66, 67, 69, 70, 71, 72, 73, 74, 75, 76, 77, 78, 79]
Antena 69: [64, 65, 66, 67, 68, 70, 71, 72, 73, 74, 75, 76, 77, 78, 79]
Antena 70: [64, 65, 66, 67, 68, 69, 71, 72, 73, 74, 75, 76, 77, 78, 79]
Antena 71: [64, 65, 66, 67, 68, 69, 70, 72, 73, 74, 75, 76, 77, 78, 79]
Antena 72: [64, 65, 66, 67, 68, 69, 70, 71, 73, 74, 75, 76, 77, 78, 79]
Antena 73: [64, 65, 66, 67, 68, 69, 70, 71, 72, 74, 75, 76, 77, 78, 79]
Antena 74: [64, 65, 66, 67, 68, 69, 70, 71, 72, 73, 75, 76, 77, 78, 79]
Antena 75: [64, 65, 66, 67, 68, 69, 70, 71, 72, 73, 74, 76, 77, 78, 79]
Antena 76: [64, 65, 66, 67, 68, 69, 70, 71, 72, 73, 74, 75, 77, 78, 79]
Antena 77: [64, 65, 66, 67, 68, 69, 70, 71, 72, 73, 74, 75, 76, 78, 79]
Antena 78: [64, 65, 66, 67, 68, 69, 70, 71, 72, 73, 74, 75, 76, 77, 79]
Antena 79: [64, 65, 66, 67, 68, 69, 70, 71, 72, 73, 74, 75, 76, 77, 78]
Antena 80: [81, 82, 83, 84, 85, 86, 87, 88, 89, 90, 91, 92, 93, 94, 95]
Antena 81: [80, 82, 83, 84, 85, 86, 87, 88, 89, 90, 91, 92, 93, 94, 95]
Antena 82: [80, 81, 83, 84, 85, 86, 87, 88, 89, 90, 91, 92, 93, 94, 95]
Antena 83: [80, 81, 82, 84, 85, 86, 87, 88, 89, 90, 91, 92, 93, 94, 95]
Antena 84: [80, 81, 82, 83, 85, 86, 87, 88, 89, 90, 91, 92, 93, 94, 95]
Antena 85: [80, 81, 82, 83, 84, 86, 87, 88, 89, 90, 91, 92, 93, 94, 95]
Antena 86: [80, 81, 82, 83, 84, 85, 87, 88, 89, 90, 91, 92, 93, 94, 95]
Antena 87: [80, 81, 82, 83, 84, 85, 86, 88, 89, 90, 91, 92, 93, 94, 95]
Antena 88: [80, 81, 82, 83, 84, 85, 86, 87, 89, 90, 91, 92, 93, 94, 95]
Antena 89: [80, 81, 82, 83, 84, 85, 86, 87, 88, 90, 91, 92, 93, 94, 95]
Antena 90: [80, 81, 82, 83, 84, 85, 86, 87, 88, 89, 91, 92, 93, 94, 95]
Antena 91: [80, 81, 82, 83, 84, 85, 86, 87, 88, 89, 90, 92, 93, 94, 95]
Antena 92: [80, 81, 82, 83, 84, 85, 86, 87, 88, 89, 90, 91, 93, 94, 95]
Antena 93: [80, 81, 82, 83, 84, 85, 86, 87, 88, 89, 90, 91, 92, 94, 95]
Antena 94: [80, 81, 82, 83, 84, 85, 86, 87, 88, 89, 90, 91, 92, 93, 95]
Antena 95: [80, 81, 82, 83, 84, 85, 86, 87, 88, 89, 90, 91, 92, 93, 94]
Antena 96: [97, 98, 99, 100, 101, 102, 103, 104, 105, 106, 107, 108, 109, 110, 111]
Antena 97: [96, 98, 99, 100, 101, 102, 103, 104, 105, 106, 107, 108, 109, 110, 111]
Antena 98: [96, 97, 99, 100, 101, 102, 103, 104, 105, 106, 107, 108, 109, 110, 111]
Antena 99: [96, 97, 98, 100, 101, 102, 103, 104, 105, 106, 107, 108, 109, 110, 111]
Antena 100: [96, 97, 98, 99, 101, 102, 103, 104, 105, 106, 107, 108, 109, 110, 111]
Antena 101: [96, 97, 98, 99, 100, 102, 103, 104, 105, 106, 107, 108, 109, 110, 111]
Antena 102: [96, 97, 98, 99, 100, 101, 103, 104, 105, 106, 107, 108, 109, 110, 111]
Antena 103: [96, 97, 98, 99, 100, 101, 102, 104, 105, 106, 107, 108, 109, 110, 111]
Antena 104: [96, 97, 98, 99, 100, 101, 102, 103, 105, 106, 107, 108, 109, 110, 111]
Antena 105: [96, 97, 98, 99, 100, 101, 102, 103, 104, 106, 107, 108, 109, 110, 111]
Antena 106: [96, 97, 98, 99, 100, 101, 102, 103, 104, 105, 107, 108, 109, 110, 111]
Antena 107: [96, 97, 98, 99, 100, 101, 102, 103, 104, 105, 106, 108, 109, 110, 111]
Antena 108: [96, 97, 98, 99, 100, 101, 102, 103, 104, 105, 106, 107, 109, 110, 111]
Antena 109: [96, 97, 98, 99, 100, 101, 102, 103, 104, 105, 106, 107, 108, 110, 111]
Antena 110: [96, 97, 98, 99, 100, 101, 102, 103, 104, 105, 106, 107, 108, 109, 111]
Antena 111: [96, 97, 98, 99, 100, 101, 102, 103, 104, 105, 106, 107, 108, 109, 110]
Antena 112: [113, 114, 115, 116, 117, 118, 119, 120, 121, 122, 123, 124, 125, 126, 127]
Antena 113: [112, 114, 115, 116, 117, 118, 119, 120, 121, 122, 123, 124, 125, 126, 127]
Antena 114: [112, 113, 115, 116, 117, 118, 119, 120, 121, 122, 123, 124, 125, 126, 127]
Antena 115: [112, 113, 114, 116, 117, 118, 119, 120, 121, 122, 123, 124, 125, 126, 127]
Antena 116: [112, 113, 114, 115, 117, 118, 119, 120, 121, 122, 123, 124, 125, 126, 127]
Antena 117: [112, 113, 114, 115, 116, 118, 119, 120, 121, 122, 123, 124, 125, 126, 127]
Antena 118: [112, 113, 114, 115, 116, 117, 119, 120, 121, 122, 123, 124, 125, 126, 127]
Antena 119: [112, 113, 114, 115, 116, 117, 118, 120, 121, 122, 123, 124, 125, 126, 127]
Antena 120: [112, 113, 114, 115, 116, 117, 118, 119, 121, 122, 123, 124, 125, 126, 127]
Antena 121: [112, 113, 114, 115, 116, 117, 118, 119, 120, 122, 123, 124, 125, 126, 127]
Antena 122: [112, 113, 114, 115, 116, 117, 118, 119, 120, 121, 123, 124, 125, 126, 127]
Antena 123: [112, 113, 114, 115, 116, 117, 118, 119, 120, 121, 122, 124, 125, 126, 127]
Antena 124: [112, 113, 114, 115, 116, 117, 118, 119, 120, 121, 122, 123, 125, 126, 127]
Antena 125: [112, 113, 114, 115, 116, 117, 118, 119, 120, 121, 122, 123, 124, 126, 127]
Antena 126: [112, 113, 114, 115, 116, 117, 118, 119, 120, 121, 122, 123, 124, 125, 127]
Antena 127: [112, 113, 114, 115, 116, 117, 118, 119, 120, 121, 122, 123, 124, 125, 126]
Antena 128: [129, 130, 131, 132, 133, 134, 135, 136, 137, 138, 139, 140, 141, 142, 143]
Antena 129: [128, 130, 131, 132, 133, 134, 135, 136, 137, 138, 139, 140, 141, 142, 143]
Antena 130: [128, 129, 131, 132, 133, 134, 135, 136, 137, 138, 139, 140, 141, 142, 143]
Antena 131: [128, 129, 130, 132, 133, 134, 135, 136, 137, 138, 139, 140, 141, 142, 143]
Antena 132: [128, 129, 130, 131, 133, 134, 135, 136, 137, 138, 139, 140, 141, 142, 143]
Antena 133: [128, 129, 130, 131, 132, 134, 135, 136, 137, 138, 139, 140, 141, 142, 143]
Antena 134: [128, 129, 130, 131, 132, 133, 135, 136, 137, 138, 139, 140, 141, 142, 143]
Antena 135: [128, 129, 130, 131, 132, 133, 134, 136, 137, 138, 139, 140, 141, 142, 143]
Antena 136: [128, 129, 130, 131, 132, 133, 134, 135, 137, 138, 139, 140, 141, 142, 143]
Antena 137: [128, 129, 130, 131, 132, 133, 134, 135, 136, 138, 139, 140, 141, 142, 143]
Antena 138: [128, 129, 130, 131, 132, 133, 134, 135, 136, 137, 139, 140, 141, 142, 143]
Antena 139: [128, 129, 130, 131, 132, 133, 134, 135, 136, 137, 138, 140, 141, 142, 143]
Antena 140: [128, 129, 130, 131, 132, 133, 134, 135, 136, 137, 138, 139, 141, 142, 143]
Antena 141: [128, 129, 130, 131, 132, 133, 134, 135, 136, 137, 138, 139, 140, 142, 143]
Antena 142: [128, 129, 130, 131, 132, 133, 134, 135, 136, 137, 138, 139, 140, 141, 143]
Antena 143: [128, 129, 130, 131, 132, 133, 134, 135, 136, 137, 138, 139, 140, 141, 142]
Antena 144: [145, 146, 147, 148, 149, 150, 151, 152, 153, 154, 155, 156, 157, 158, 159]
Antena 145: [144, 146, 147, 148, 149, 150, 151, 152, 153, 154, 155, 156, 157, 158, 159]
Antena 146: [144, 145, 147, 148, 149, 150, 151, 152, 153, 154, 155, 156, 157, 158, 159]
Antena 147: [144, 145, 146, 148, 149, 150, 151, 152, 153, 154, 155, 156, 157, 158, 159]
Antena 148: [144, 145, 146, 147, 149, 150, 151, 152, 153, 154, 155, 156, 157, 158, 159]
Antena 149: [144, 145, 146, 147, 148, 150, 151, 152, 153, 154, 155, 156, 157, 158, 159]
Antena 150: [144, 145, 146, 147, 148, 149, 151, 152, 153, 154, 155, 156, 157, 158, 159]
Antena 151: [144, 145, 146, 147, 148, 149, 150, 152, 153, 154, 155, 156, 157, 158, 159]
Antena 152: [144, 145, 146, 147, 148, 149, 150, 151, 153, 154, 155, 156, 157, 158, 159]
Antena 153: [144, 145, 146, 147, 148, 149, 150, 151, 152, 154, 155, 156, 157, 158, 159]
Antena 154: [144, 145, 146, 147, 148, 149, 150, 151, 152, 153, 155, 156, 157, 158, 159]
Antena 155: [144, 145, 146, 147, 148, 149, 150, 151, 152, 153, 154, 156, 157, 158, 159]
Antena 156: [144, 145, 146, 147, 148, 149, 150, 151, 152, 153, 154, 155, 157, 158, 159]
Antena 157: [144, 145, 146, 147, 148, 149, 150, 151, 152, 153, 154, 155, 156, 158, 159]
Antena 158: [144, 145, 146, 147, 148, 149, 150, 151, 152, 153, 154, 155, 156, 157, 159]
Antena 159: [144, 145, 146, 147, 148, 149, 150, 151, 152, 153, 154, 155, 156, 157, 158]
Antena 160: [161, 162, 163, 164, 165, 166, 167, 168, 169, 170, 171, 172, 173, 174, 175]
Antena 161: [160, 162, 163, 164, 165, 166, 167, 168, 169, 170, 171, 172, 173, 174, 175]
Antena 162: [160, 161, 163, 164, 165, 166, 167, 168, 169, 170, 171, 172, 173, 174, 175]
Antena 163: [160, 161, 162, 164, 165, 166, 167, 168, 169, 170, 171, 172, 173, 174, 175]
Antena 164: [160, 161, 162, 163, 165, 166, 167, 168, 169, 170, 171, 172, 173, 174, 175]
Antena 165: [160, 161, 162, 163, 164, 166, 167, 168, 169, 170, 171, 172, 173, 174, 175]
Antena 166: [160, 161, 162, 163, 164, 165, 167, 168, 169, 170, 171, 172, 173, 174, 175]
Antena 167: [160, 161, 162, 163, 164, 165, 166, 168, 169, 170, 171, 172, 173, 174, 175]
Antena 168: [160, 161, 162, 163, 164, 165, 166, 167, 169, 170, 171, 172, 173, 174, 175]
Antena 169: [160, 161, 162, 163, 164, 165, 166, 167, 168, 170, 171, 172, 173, 174, 175]
Antena 170: [160, 161, 162, 163, 164, 165, 166, 167, 168, 169, 171, 172, 173, 174, 175]
Antena 171: [160, 161, 162, 163, 164, 165, 166, 167, 168, 169, 170, 172, 173, 174, 175]
Antena 172: [160, 161, 162, 163, 164, 165, 166, 167, 168, 169, 170, 171, 173, 174, 175]
Antena 173: [160, 161, 162, 163, 164, 165, 166, 167, 168, 169, 170, 171, 172, 174, 175]
Antena 174: [160, 161, 162, 163, 164, 165, 166, 167, 168, 169, 170, 171, 172, 173, 175]
Antena 175: [160, 161, 162, 163, 164, 165, 166, 167, 168, 169, 170, 171, 172, 173, 174]
Antena 176: [177, 178, 179, 180, 181, 182, 183, 184, 185, 186, 187, 188, 189, 190, 191]
Antena 177: [176, 178, 179, 180, 181, 182, 183, 184, 185, 186, 187, 188, 189, 190, 191]
Antena 178: [176, 177, 179, 180, 181, 182, 183, 184, 185, 186, 187, 188, 189, 190, 191]
Antena 179: [176, 177, 178, 180, 181, 182, 183, 184, 185, 186, 187, 188, 189, 190, 191]
Antena 180: [176, 177, 178, 179, 181, 182, 183, 184, 185, 186, 187, 188, 189, 190, 191]
Antena 181: [176, 177, 178, 179, 180, 182, 183, 184, 185, 186, 187, 188, 189, 190, 191]
Antena 182: [176, 177, 178, 179, 180, 181, 183, 184, 185, 186, 187, 188, 189, 190, 191]
Antena 183: [176, 177, 178, 179, 180, 181, 182, 184, 185, 186, 187, 188, 189, 190, 191]
Antena 184: [176, 177, 178, 179, 180, 181, 182, 183, 185, 186, 187, 188, 189, 190, 191]
Antena 185: [176, 177, 178, 179, 180, 181, 182, 183, 184, 186, 187, 188, 189, 190, 191]
Antena 186: [176, 177, 178, 179, 180, 181, 182, 183, 184, 185, 187, 188, 189, 190, 191]
Antena 187: [176, 177, 178, 179, 180, 181, 182, 183, 184, 185, 186, 188, 189, 190, 191]
Antena 188: [176, 177, 178, 179, 180, 181, 182, 183, 184, 185, 186, 187, 189, 190, 191]
Antena 189: [176, 177, 178, 179, 180, 181, 182, 183, 184, 185, 186, 187, 188, 190, 191]
Antena 190: [176, 177, 178, 179, 180, 181, 182, 183, 184, 185, 186, 187, 188, 189, 191]
Antena 191: [176, 177, 178, 179, 180, 181, 182, 183, 184, 185, 186, 187, 188, 189, 190]
Antena 192: [193, 194, 195, 196, 197, 198, 199, 200, 201, 202, 203, 204, 205, 206, 207]
Antena 193: [192, 194, 195, 196, 197, 198, 199, 200, 201, 202, 203, 204, 205, 206, 207]
Antena 194: [192, 193, 195, 196, 197, 198, 199, 200, 201, 202, 203, 204, 205, 206, 207]
Antena 195: [192, 193, 194, 196, 197, 198, 199, 200, 201, 202, 203, 204, 205, 206, 207]
Antena 196: [192, 193, 194, 195, 197, 198, 199, 200, 201, 202, 203, 204, 205, 206, 207]
Antena 197: [192, 193, 194, 195, 196, 198, 199, 200, 201, 202, 203, 204, 205, 206, 207]
Antena 198: [192, 193, 194, 195, 196, 197, 199, 200, 201, 202, 203, 204, 205, 206, 207]
Antena 199: [192, 193, 194, 195, 196, 197, 198, 200, 201, 202, 203, 204, 205, 206, 207]
Antena 200: [192, 193, 194, 195, 196, 197, 198, 199, 201, 202, 203, 204, 205, 206, 207]
Antena 201: [192, 193, 194, 195, 196, 197, 198, 199, 200, 202, 203, 204, 205, 206, 207]
Antena 202: [192, 193, 194, 195, 196, 197, 198, 199, 200, 201, 203, 204, 205, 206, 207]
Antena 203: [192, 193, 194, 195, 196, 197, 198, 199, 200, 201, 202, 204, 205, 206, 207]
Antena 204: [192, 193, 194, 195, 196, 197, 198, 199, 200, 201, 202, 203, 205, 206, 207]
Antena 205: [192, 193, 194, 195, 196, 197, 198, 199, 200, 201, 202, 203, 204, 206, 207]
Antena 206: [192, 193, 194, 195, 196, 197, 198, 199, 200, 201, 202, 203, 204, 205, 207]
Antena 207: [192, 193, 194, 195, 196, 197, 198, 199, 200, 201, 202, 203, 204, 205, 206]
Antena 208: [209, 210, 211, 212, 213, 214, 215, 216, 217, 218, 219, 220, 221, 222, 223]
Antena 209: [208, 210, 211, 212, 213, 214, 215, 216, 217, 218, 219, 220, 221, 222, 223]
Antena 210: [208, 209, 211, 212, 213, 214, 215, 216, 217, 218, 219, 220, 221, 222, 223]
Antena 211: [208, 209, 210, 212, 213, 214, 215, 216, 217, 218, 219, 220, 221, 222, 223]
Antena 212: [208, 209, 210, 211, 213, 214, 215, 216, 217, 218, 219, 220, 221, 222, 223]
Antena 213: [208, 209, 210, 211, 212, 214, 215, 216, 217, 218, 219, 220, 221, 222, 223]
Antena 214: [208, 209, 210, 211, 212, 213, 215, 216, 217, 218, 219, 220, 221, 222, 223]
Antena 215: [208, 209, 210, 211, 212, 213, 214, 216, 217, 218, 219, 220, 221, 222, 223]
Antena 216: [208, 209, 210, 211, 212, 213, 214, 215, 217, 218, 219, 220, 221, 222, 223]
Antena 217: [208, 209, 210, 211, 212, 213, 214, 215, 216, 218, 219, 220, 221, 222, 223]
Antena 218: [208, 209, 210, 211, 212, 213, 214, 215, 216, 217, 219, 220, 221, 222, 223]
Antena 219: [208, 209, 210, 211, 212, 213, 214, 215, 216, 217, 218, 220, 221, 222, 223]
Antena 220: [208, 209, 210, 211, 212, 213, 214, 215, 216, 217, 218, 219, 221, 222, 223]
Antena 221: [208, 209, 210, 211, 212, 213, 214, 215, 216, 217, 218, 219, 220, 222, 223]
Antena 222: [208, 209, 210, 211, 212, 213, 214, 215, 216, 217, 218, 219, 220, 221, 223]
Antena 223: [208, 209, 210, 211, 212, 213, 214, 215, 216, 217, 218, 219, 220, 221, 222]
Antena 224: [225, 226, 227, 228, 229, 230, 231, 232, 233, 234, 235, 236, 237, 238, 239]
Antena 225: [224, 226, 227, 228, 229, 230, 231, 232, 233, 234, 235, 236, 237, 238, 239]
Antena 226: [224, 225, 227, 228, 229, 230, 231, 232, 233, 234, 235, 236, 237, 238, 239]
Antena 227: [224, 225, 226, 228, 229, 230, 231, 232, 233, 234, 235, 236, 237, 238, 239]
Antena 228: [224, 225, 226, 227, 229, 230, 231, 232, 233, 234, 235, 236, 237, 238, 239]
Antena 229: [224, 225, 226, 227, 228, 230, 231, 232, 233, 234, 235, 236, 237, 238, 239]
Antena 230: [224, 225, 226, 227, 228, 229, 231, 232, 233, 234, 235, 236, 237, 238, 239]
Antena 231: [224, 225, 226, 227, 228, 229, 230, 232, 233, 234, 235, 236, 237, 238, 239]
Antena 232: [224, 225, 226, 227, 228, 229, 230, 231, 233, 234, 235, 236, 237, 238, 239]
Antena 233: [224, 225, 226, 227, 228, 229, 230, 231, 232, 234, 235, 236, 237, 238, 239]
Antena 234: [224, 225, 226, 227, 228, 229, 230, 231, 232, 233, 235, 236, 237, 238, 239]
Antena 235: [224, 225, 226, 227, 228, 229, 230, 231, 232, 233, 234, 236, 237, 238, 239]
Antena 236: [224, 225, 226, 227, 228, 229, 230, 231, 232, 233, 234, 235, 237, 238, 239]
Antena 237: [224, 225, 226, 227, 228, 229, 230, 231, 232, 233, 234, 235, 236, 238, 239]
Antena 238: [224, 225, 226, 227, 228, 229, 230, 231, 232, 233, 234, 235, 236, 237, 239]
Antena 239: [224, 225, 226, 227, 228, 229, 230, 231, 232, 233, 234, 235, 236, 237, 238]
Antena 240: [241, 242, 243, 244, 245, 246, 247, 248, 249, 250, 251, 252, 253, 254, 255]
Antena 241: [240, 242, 243, 244, 245, 246, 247, 248, 249, 250, 251, 252, 253, 254, 255]
Antena 242: [240, 241, 243, 244, 245, 246, 247, 248, 249, 250, 251, 252, 253, 254, 255]
Antena 243: [240, 241, 242, 244, 245, 246, 247, 248, 249, 250, 251, 252, 253, 254, 255]
Antena 244: [240, 241, 242, 243, 245, 246, 247, 248, 249, 250, 251, 252, 253, 254, 255]
Antena 245: [240, 241, 242, 243, 244, 246, 247, 248, 249, 250, 251, 252, 253, 254, 255]
Antena 246: [240, 241, 242, 243, 244, 245, 247, 248, 249, 250, 251, 252, 253, 254, 255]
Antena 247: [240, 241, 242, 243, 244, 245, 246, 248, 249, 250, 251, 252, 253, 254, 255]
Antena 248: [240, 241, 242, 243, 244, 245, 246, 247, 249, 250, 251, 252, 253, 254, 255]
Antena 249: [240, 241, 242, 243, 244, 245, 246, 247, 248, 250, 251, 252, 253, 254, 255]
Antena 250: [240, 241, 242, 243, 244, 245, 246, 247, 248, 249, 251, 252, 253, 254, 255]
Antena 251: [240, 241, 242, 243, 244, 245, 246, 247, 248, 249, 250, 252, 253, 254, 255]
Antena 252: [240, 241, 242, 243, 244, 245, 246, 247, 248, 249, 250, 251, 253, 254, 255]
Antena 253: [240, 241, 242, 243, 244, 245, 246, 247, 248, 249, 250, 251, 252, 254, 255]
Antena 254: [240, 241, 242, 243, 244, 245, 246, 247, 248, 249, 250, 251, 252, 253, 255]
Antena 255: [240, 241, 242, 243, 244, 245, 246, 247, 248, 249, 250, 251, 252, 253, 254]
Antena 256: [257, 258, 259, 260, 261, 262, 263, 264, 265, 266, 267, 268, 269, 270, 271]
Antena 257: [256, 258, 259, 260, 261, 262, 263, 264, 265, 266, 267, 268, 269, 270, 271]
Antena 258: [256, 257, 259, 260, 261, 262, 263, 264, 265, 266, 267, 268, 269, 270, 271]
Antena 259: [256, 257, 258, 260, 261, 262, 263, 264, 265, 266, 267, 268, 269, 270, 271]
Antena 260: [256, 257, 258, 259, 261, 262, 263, 264, 265, 266, 267, 268, 269, 270, 271]
Antena 261: [256, 257, 258, 259, 260, 262, 263, 264, 265, 266, 267, 268, 269, 270, 271]
Antena 262: [256, 257, 258, 259, 260, 261, 263, 264, 265, 266, 267, 268, 269, 270, 271]
Antena 263: [256, 257, 258, 259, 260, 261, 262, 264, 265, 266, 267, 268, 269, 270, 271]
Antena 264: [256, 257, 258, 259, 260, 261, 262, 263, 265, 266, 267, 268, 269, 270, 271]
Antena 265: [256, 257, 258, 259, 260, 261, 262, 263, 264, 266, 267, 268, 269, 270, 271]
Antena 266: [256, 257, 258, 259, 260, 261, 262, 263, 264, 265, 267, 268, 269, 270, 271]
Antena 267: [256, 257, 258, 259, 260, 261, 262, 263, 264, 265, 266, 268, 269, 270, 271]
Antena 268: [256, 257, 258, 259, 260, 261, 262, 263, 264, 265, 266, 267, 269, 270, 271]
Antena 269: [256, 257, 258, 259, 260, 261, 262, 263, 264, 265, 266, 267, 268, 270, 271]
Antena 270: [256, 257, 258, 259, 260, 261, 262, 263, 264, 265, 266, 267, 268, 269, 271]
Antena 271: [256, 257, 258, 259, 260, 261, 262, 263, 264, 265, 266, 267, 268, 269, 270]
Antena 272: [273, 274, 275, 276, 277, 278, 279, 280, 281, 282, 283, 284, 285, 286, 287]
Antena 273: [272, 274, 275, 276, 277, 278, 279, 280, 281, 282, 283, 284, 285, 286, 287]
Antena 274: [272, 273, 275, 276, 277, 278, 279, 280, 281, 282, 283, 284, 285, 286, 287]
Antena 275: [272, 273, 274, 276, 277, 278, 279, 280, 281, 282, 283, 284, 285, 286, 287]
Antena 276: [272, 273, 274, 275, 277, 278, 279, 280, 281, 282, 283, 284, 285, 286, 287]
Antena 277: [272, 273, 274, 275, 276, 278, 279, 280, 281, 282, 283, 284, 285, 286, 287]
Antena 278: [272, 273, 274, 275, 276, 277, 279, 280, 281, 282, 283, 284, 285, 286, 287]
Antena 279: [272, 273, 274, 275, 276, 277, 278, 280, 281, 282, 283, 284, 285, 286, 287]
Antena 280: [272, 273, 274, 275, 276, 277, 278, 279, 281, 282, 283, 284, 285, 286, 287]
Antena 281: [272, 273, 274, 275, 276, 277, 278, 279, 280, 282, 283, 284, 285, 286, 287]
Antena 282: [272, 273, 274, 275, 276, 277, 278, 279, 280, 281, 283, 284, 285, 286, 287]
Antena 283: [272, 273, 274, 275, 276, 277, 278, 279, 280, 281, 282, 284, 285, 286, 287]
Antena 284: [272, 273, 274, 275, 276, 277, 278, 279, 280, 281, 282, 283, 285, 286, 287]
Antena 285: [272, 273, 274, 275, 276, 277, 278, 279, 280, 281, 282, 283, 284, 286, 287]
Antena 286: [272, 273, 274, 275, 276, 277, 278, 279, 280, 281, 282, 283, 284, 285, 287]
Antena 287: [272, 273, 274, 275, 276, 277, 278, 279, 280, 281, 282, 283, 284, 285, 286]
Antena 288: [0, 1, 2, 3, 289, 290, 291, 292, 293, 294, 295, 296, 297, 298, 299]
Antena 289: [0, 1, 2, 3, 288, 290, 291, 292, 293, 294, 295, 296, 297, 298, 299]
Antena 290: [0, 1, 2, 3, 288, 289, 291, 292, 293, 294, 295, 296, 297, 298, 299]
Antena 291: [0, 1, 2, 3, 288, 289, 290, 292, 293, 294, 295, 296, 297, 298, 299]
Antena 292: [0, 1, 2, 3, 288, 289, 290, 291, 293, 294, 295, 296, 297, 298, 299]
Antena 293: [0, 1, 2, 3, 288, 289, 290, 291, 292, 294, 295, 296, 297, 298, 299]
Antena 294: [0, 1, 2, 3, 288, 289, 290, 291, 292, 293, 295, 296, 297, 298, 299]
Antena 295: [0, 1, 2, 3, 288, 289, 290, 291, 292, 293, 294, 296, 297, 298, 299]
Antena 296: [0, 1, 2, 3, 288, 289, 290, 291, 292, 293, 294, 295, 297, 298, 299]
Antena 297: [0, 1, 2, 3, 288, 289, 290, 291, 292, 293, 294, 295, 296, 298, 299]
Antena 298: [0, 1, 2, 3, 288, 289, 290, 291, 292, 293, 294, 295, 296, 297, 299]
Antena 299: [0, 1, 2, 3, 288, 289, 290, 291, 292, 293, 294, 295, 296, 297, 298]

Cantidad de veces que cada antena aparece como backup:
Antena 0: 15 veces
Antena 1: 15 veces
Antena 2: 15 veces
Antena 3: 15 veces
Antena 4: 15 veces
Antena 5: 15 veces
Antena 6: 15 veces
Antena 7: 15 veces
Antena 8: 15 veces
Antena 9: 15 veces
Antena 10: 15 veces
Antena 11: 15 veces
Antena 12: 15 veces
Antena 13: 15 veces
Antena 14: 15 veces
Antena 15: 15 veces
Antena 16: 15 veces
Antena 17: 15 veces
Antena 18: 15 veces
Antena 19: 15 veces
Antena 20: 15 veces
Antena 21: 15 veces
Antena 22: 15 veces
Antena 23: 15 veces
Antena 24: 15 veces
Antena 25: 15 veces
Antena 26: 15 veces
Antena 27: 15 veces
Antena 28: 15 veces
Antena 29: 15 veces
Antena 30: 15 veces
Antena 31: 15 veces
Antena 32: 15 veces
Antena 33: 15 veces
Antena 34: 15 veces
Antena 35: 15 veces
Antena 36: 15 veces
Antena 37: 15 veces
Antena 38: 15 veces
Antena 39: 15 veces
Antena 40: 15 veces
Antena 41: 15 veces
Antena 42: 15 veces
Antena 43: 15 veces
Antena 44: 15 veces
Antena 45: 15 veces
Antena 46: 15 veces
Antena 47: 15 veces
Antena 48: 15 veces
Antena 49: 15 veces
Antena 50: 15 veces
Antena 51: 15 veces
Antena 52: 15 veces
Antena 53: 15 veces
Antena 54: 15 veces
Antena 55: 15 veces
Antena 56: 15 veces
Antena 57: 15 veces
Antena 58: 15 veces
Antena 59: 15 veces
Antena 60: 15 veces
Antena 61: 15 veces
Antena 62: 15 veces
Antena 63: 15 veces
Antena 64: 15 veces
Antena 65: 15 veces
Antena 66: 15 veces
Antena 67: 15 veces
Antena 68: 15 veces
Antena 69: 15 veces
Antena 70: 15 veces
Antena 71: 15 veces
Antena 72: 15 veces
Antena 73: 15 veces
Antena 74: 15 veces
Antena 75: 15 veces
Antena 76: 15 veces
Antena 77: 15 veces
Antena 78: 15 veces
Antena 79: 15 veces
Antena 80: 15 veces
Antena 81: 15 veces
Antena 82: 15 veces
Antena 83: 15 veces
Antena 84: 15 veces
Antena 85: 15 veces
Antena 86: 15 veces
Antena 87: 15 veces
Antena 88: 15 veces
Antena 89: 15 veces
Antena 90: 15 veces
Antena 91: 15 veces
Antena 92: 15 veces
Antena 93: 15 veces
Antena 94: 15 veces
Antena 95: 15 veces
Antena 96: 15 veces
Antena 97: 15 veces
Antena 98: 15 veces
Antena 99: 15 veces
Antena 100: 15 veces
Antena 101: 15 veces
Antena 102: 15 veces
Antena 103: 15 veces
Antena 104: 15 veces
Antena 105: 15 veces
Antena 106: 15 veces
Antena 107: 15 veces
Antena 108: 15 veces
Antena 109: 15 veces
Antena 110: 15 veces
Antena 111: 15 veces
Antena 112: 15 veces
Antena 113: 15 veces
Antena 114: 15 veces
Antena 115: 15 veces
Antena 116: 15 veces
Antena 117: 15 veces
Antena 118: 15 veces
Antena 119: 15 veces
Antena 120: 15 veces
Antena 121: 15 veces
Antena 122: 15 veces
Antena 123: 15 veces
Antena 124: 15 veces
Antena 125: 15 veces
Antena 126: 15 veces
Antena 127: 15 veces
Antena 128: 15 veces
Antena 129: 15 veces
Antena 130: 15 veces
Antena 131: 15 veces
Antena 132: 15 veces
Antena 133: 15 veces
Antena 134: 15 veces
Antena 135: 15 veces
Antena 136: 15 veces
Antena 137: 15 veces
Antena 138: 15 veces
Antena 139: 15 veces
Antena 140: 15 veces
Antena 141: 15 veces
Antena 142: 15 veces
Antena 143: 15 veces
Antena 144: 15 veces
Antena 145: 15 veces
Antena 146: 15 veces
Antena 147: 15 veces
Antena 148: 15 veces
Antena 149: 15 veces
Antena 150: 15 veces
Antena 151: 15 veces
Antena 152: 15 veces
Antena 153: 15 veces
Antena 154: 15 veces
Antena 155: 15 veces
Antena 156: 15 veces
Antena 157: 15 veces
Antena 158: 15 veces
Antena 159: 15 veces
Antena 160: 15 veces
Antena 161: 15 veces
Antena 162: 15 veces
Antena 163: 15 veces
Antena 164: 15 veces
Antena 165: 15 veces
Antena 166: 15 veces
Antena 167: 15 veces
Antena 168: 15 veces
Antena 169: 15 veces
Antena 170: 15 veces
Antena 171: 15 veces
Antena 172: 15 veces
Antena 173: 15 veces
Antena 174: 15 veces
Antena 175: 15 veces
Antena 176: 15 veces
Antena 177: 15 veces
Antena 178: 15 veces
Antena 179: 15 veces
Antena 180: 15 veces
Antena 181: 15 veces
Antena 182: 15 veces
Antena 183: 15 veces
Antena 184: 15 veces
Antena 185: 15 veces
Antena 186: 15 veces
Antena 187: 15 veces
Antena 188: 15 veces
Antena 189: 15 veces
Antena 190: 15 veces
Antena 191: 15 veces
Antena 192: 15 veces
Antena 193: 15 veces
Antena 194: 15 veces
Antena 195: 15 veces
Antena 196: 15 veces
Antena 197: 15 veces
Antena 198: 15 veces
Antena 199: 15 veces
Antena 200: 15 veces
Antena 201: 15 veces
Antena 202: 15 veces
Antena 203: 15 veces
Antena 204: 15 veces
Antena 205: 15 veces
Antena 206: 15 veces
Antena 207: 15 veces
Antena 208: 15 veces
Antena 209: 15 veces
Antena 210: 15 veces
Antena 211: 15 veces
Antena 212: 15 veces
Antena 213: 15 veces
Antena 214: 15 veces
Antena 215: 15 veces
Antena 216: 15 veces
Antena 217: 15 veces
Antena 218: 15 veces
Antena 219: 15 veces
Antena 220: 15 veces
Antena 221: 15 veces
Antena 222: 15 veces
Antena 223: 15 veces
Antena 224: 15 veces
Antena 225: 15 veces
Antena 226: 15 veces
Antena 227: 15 veces
Antena 228: 15 veces
Antena 229: 15 veces
Antena 230: 15 veces
Antena 231: 15 veces
Antena 232: 15 veces
Antena 233: 15 veces
Antena 234: 15 veces
Antena 235: 15 veces
Antena 236: 15 veces
Antena 237: 15 veces
Antena 238: 15 veces
Antena 239: 15 veces
Antena 240: 15 veces
Antena 241: 15 veces
Antena 242: 15 veces
Antena 243: 15 veces
Antena 244: 15 veces
Antena 245: 15 veces
Antena 246: 15 veces
Antena 247: 15 veces
Antena 248: 15 veces
Antena 249: 15 veces
Antena 250: 15 veces
Antena 251: 15 veces
Antena 252: 15 veces
Antena 253: 15 veces
Antena 254: 15 veces
Antena 255: 15 veces
Antena 256: 15 veces
Antena 257: 15 veces
Antena 258: 15 veces
Antena 259: 15 veces
Antena 260: 15 veces
Antena 261: 15 veces
Antena 262: 15 veces
Antena 263: 15 veces
Antena 264: 15 veces
Antena 265: 15 veces
Antena 266: 15 veces
Antena 267: 15 veces
Antena 268: 15 veces
Antena 269: 15 veces
Antena 270: 15 veces
Antena 271: 15 veces
Antena 272: 15 veces
Antena 273: 15 veces
Antena 274: 15 veces
Antena 275: 15 veces
Antena 276: 15 veces
Antena 277: 15 veces
Antena 278: 15 veces
Antena 279: 15 veces
Antena 280: 15 veces
Antena 281: 15 veces
Antena 282: 15 veces
Antena 283: 15 veces
Antena 284: 15 veces
Antena 285: 15 veces
Antena 286: 15 veces
Antena 287: 15 veces
Antena 288: 15 veces
Antena 289: 15 veces
Antena 290: 15 veces
Antena 291: 15 veces
Antena 292: 15 veces
Antena 293: 15 veces
Antena 294: 15 veces
Antena 295: 15 veces
Antena 296: 15 veces
Antena 297: 15 veces
Antena 298: 15 veces
Antena 299: 15 veces
